  0.000000000000000E+000  -23.0258509299405     
  3.382199997036489E+016  -23.0028020301107     
  6.843261311953491E+016  -22.9797531302809     
  1.038502272022014E+017  -22.9567042304511     
  1.400936587122827E+017  -22.9336553306214     
  1.771821628796419E+017  -22.9106064307916     
  2.151354438998937E+017  -22.8875575309618     
  2.539736654027333E+017  -22.8645086311321     
  2.937174611643524E+017  -22.8414597313023     
  3.343879460696289E+017  -22.8184108314725     
  3.760067273299185E+017  -22.7953619316427     
  4.185959159624048E+017  -22.7723130318130     
  4.621781385371078E+017  -22.7492641319832     
  5.067765491977928E+017  -22.7262152321534     
  5.524148419631630E+017  -22.7031663323237     
  5.991172633148741E+017  -22.6801174324939     
  6.469086250790557E+017  -22.6570685326641     
  6.958143176081882E+017  -22.6340196328344     
  7.458603232703304E+017  -22.6109707330046     
  7.970732302528701E+017  -22.5879218331748     
  8.494802466881324E+017  -22.5648729333450     
  9.031092151083433E+017  -22.5418240335153     
  9.579886272376353E+017  -22.5187751336855     
  1.014147639128947E+018  -22.4957262338557     
  1.071616086653868E+018  -22.4726773340260     
  1.130424501353647E+018  -22.4496284341962     
  1.190604126659787E+018  -22.4265795343664     
  1.252186934492867E+018  -22.4035306345366     
  1.315205642248348E+018  -22.3804817347069     
  1.379693730178472E+018  -22.3574328348771     
  1.445685459179446E+018  -22.3343839350473     
  1.513215888993284E+018  -22.3113350352176     
  1.582320896834181E+018  -22.2882861353878     
  1.653037196449061E+018  -22.2652372355580     
  1.725402357622629E+018  -22.2421883357282     
  1.799454826137198E+018  -22.2191394358985     
  1.875233944197870E+018  -22.1960905360687     
  1.952779971333992E+018  -22.1730416362389     
  2.032134105787991E+018  -22.1499927364092     
  2.113338506402846E+018  -22.1269438365794     
  2.196436315019928E+018  -22.1038949367496     
  2.281471679399124E+018  -22.0808460369199     
  2.368489776673322E+018  -22.0577971370901     
  2.457536837349772E+018  -22.0347482372603     
  2.548660169871110E+018  -22.0116993374305     
  2.641908185749009E+018  -21.9886504376008     
  2.737330425283908E+018  -21.9656015377710     
  2.834977583884398E+018  -21.9425526379412     
  2.934901539000288E+018  -21.9195037381115     
  3.037155377683639E+018  -21.8964548382817     
  3.141793424792489E+018  -21.8734059384519     
  3.248871271852091E+018  -21.8503570386221     
  3.358445806589124E+018  -21.8273081387924     
  3.470575243154603E+018  -21.8042592389626     
  3.585319153051390E+018  -21.7812103391328     
  3.702738496782853E+018  -21.7581614393031     
  3.822895656239446E+018  -21.7351125394733     
  3.945854467840499E+018  -21.7120636396435     
  4.071680256448615E+018  -21.6890147398137     
  4.200439870074947E+018  -21.6659658399840     
  4.332201715393649E+018  -21.6429169401542     
  4.467035794084356E+018  -21.6198680403244     
  4.605013740022034E+018  -21.5968191404947     
  4.746208857334058E+018  -21.5737702406649     
  4.890696159344502E+018  -21.5507213408351     
  5.038552408426632E+018  -21.5276724410054     
  5.189856156784372E+018  -21.5046235411756     
  5.344687788184901E+018  -21.4815746413458     
  5.503129560664161E+018  -21.4585257415160     
  5.665265650228119E+018  -21.4354768416863     
  5.831182195572998E+018  -21.4124279418565     
  6.000967343848149E+018  -21.3893790420267     
  6.174711297486071E+018  -21.3663301421970     
  6.352506362124251E+018  -21.3432812423672     
  6.534446995644329E+018  -21.3202323425374     
  6.720629858354730E+018  -21.2971834427076     
  6.911153864343400E+018  -21.2741345428779     
  7.106120234027787E+018  -21.2510856430481     
  7.305632547930204E+018  -21.2280367432183     
  7.509796801706902E+018  -21.2049878433886     
  7.718721462460356E+018  -21.1819389435588     
  7.932517526364487E+018  -21.1588900437290     
  8.151298577633392E+018  -21.1358411438992     
  8.375180848865068E+018  -21.1127922440695     
  8.604283282792290E+018  -21.0897433442397     
  8.838727595472942E+018  -21.0666944444099     
  9.078638340953942E+018  -21.0436455445802     
  9.324142977442861E+018  -21.0205966447504     
  9.575371935022361E+018  -20.9975477449206     
  9.832458684943473E+018  -20.9744988450908     
  1.009553981053452E+019  -20.9514499452611     
  1.036475507976341E+019  -20.9284010454313     
  1.064024751949172E+019  -20.9053521456015     
  1.092216349146020E+019  -20.8823032457718     
  1.121065277004585E+019  -20.8592543459420     
  1.150586862183200E+019  -20.8362054461122     
  1.180796788703382E+019  -20.8131565462825     
  1.211711106282216E+019  -20.7901076464527     
  1.243346238859016E+019  -20.7670587466229     
  1.275718993320801E+019  -20.7440098467931     
  1.308846568431233E+019  -20.7209609469634     
  1.342746563967693E+019  -20.6979120471336     
  1.377436990071445E+019  -20.6748631473038     
  1.412936276815803E+019  -20.6518142474741     
  1.449263283997337E+019  -20.6287653476443     
  1.486437311155448E+019  -20.6057164478145     
  1.524478107825501E+019  -20.5826675479847     
  1.563405884031033E+019  -20.5596186481550     
  1.603241321020613E+019  -20.5365697483252     
  1.644005582255016E+019  -20.5135208484954     
  1.685720324650610E+019  -20.4904719486657     
  1.728407710084836E+019  -20.4674230488359     
  1.772090417169996E+019  -20.4443741490061     
  1.816791653301536E+019  -20.4213252491763     
  1.862535166987242E+019  -20.3982763493466     
  1.909345260463933E+019  -20.3752274495168     
  1.957246802608254E+019  -20.3521785496870     
  2.006265242148559E+019  -20.3291296498573     
  2.056426621184814E+019  -20.3060807500275     
  2.107757589023715E+019  -20.2830318501977     
  2.160285416336395E+019  -20.2599829503680     
  2.214038009646233E+019  -20.2369340505382     
  2.269043926154438E+019  -20.2138851507084     
  2.325332388911306E+019  -20.1908362508786     
  2.382933302341210E+019  -20.1677873510489     
  2.441877268129572E+019  -20.1447384512191     
  2.502195601480194E+019  -20.1216895513893     
  2.563920347751735E+019  -20.0986406515596     
  2.627084299481981E+019  -20.0755917517298     
  2.691721013809098E+019  -20.0525428519000     
  2.757864830299060E+019  -20.0294939520702     
  2.825550889188683E+019  -20.0064450522405     
  2.894815150054112E+019  -19.9833961524107     
  2.965694410914431E+019  -19.9603472525809     
  3.038226327780809E+019  -19.9372983527512     
  3.112449434661336E+019  -19.9142494529214     
  3.188403164032338E+019  -19.8912005530916     
  3.266127867786976E+019  -19.8681516532618     
  3.345664838672261E+019  -19.8451027534321     
  3.427056332225880E+019  -19.8220538536023     
  3.510345589224450E+019  -19.7990049537725     
  3.595576858655191E+019  -19.7759560539428     
  3.682795421223217E+019  -19.7529071541130     
  3.772047613406795E+019  -19.7298582542832     
  3.863380852073579E+019  -19.7068093544535     
  3.956843659670646E+019  -19.6837604546237     
  4.052485690001962E+019  -19.6607115547939     
  4.150357754606721E+019  -19.6376626549641     
  4.250511849752816E+019  -19.6146137551344     
  4.353001184059521E+019  -19.5915648553046     
  4.457880206764334E+019  -19.5685159554748     
  4.565204636648747E+019  -19.5454670556451     
  4.675031491638431E+019  -19.5224181558153     
  4.787419119093583E+019  -19.4993692559855     
  4.902427226805436E+019  -19.4763203561557     
  5.020116914715435E+019  -19.4532714563260     
  5.140550707373972E+019  -19.4302225564962     
  5.263792587155871E+019  -19.4071736566664     
  5.389908028250181E+019  -19.3841247568367     
  5.518964031442560E+019  -19.3610758570069     
  5.651029159708516E+019  -19.3380269571771     
  5.786173574636433E+019  -19.3149780573473     
  5.924469073699798E+019  -19.2919291575176     
  6.065989128398515E+019  -19.2688802576878     
  6.210808923289267E+019  -19.2458313578580     
  6.359005395925910E+019  -19.2227824580283     
  6.510657277731074E+019  -19.1997335581985     
  6.665845135820590E+019  -19.1766846583687     
  6.824651415803022E+019  -19.1536357585390     
  6.987160485577017E+019  -19.1305868587092     
  7.153458680149707E+019  -19.1075379588794     
  7.323634347499990E+019  -19.0844890590496     
  7.497777895511142E+019  -19.0614401592199     
  7.675981839997505E+019  -19.0383912593901     
  7.858340853850826E+019  -19.0153423595603     
  8.044951817332395E+019  -18.9922934597306     
  8.235913869537609E+019  -18.9692445599008     
  8.431328461060524E+019  -18.9461956600710     
  8.631299407885928E+019  -18.9231467602412     
  8.835932946537878E+019  -18.9000978604115     
  9.045337790514119E+019  -18.8770489605817     
  9.259625188035779E+019  -18.8540000607519     
  9.478908981143699E+019  -18.8309511609222     
  9.703305666172291E+019  -18.8079022610924     
  9.932934455633256E+019  -18.7848533612626     
  1.016791734154197E+020  -18.7618044614328     
  1.040837916022003E+020  -18.7387555616031     
  1.065444765860870E+020  -18.7157066617733     
  1.090625356212821E+020  -18.6926577619435     
  1.116393064411890E+020  -18.6696088621138     
  1.142761579690116E+020  -18.6465599622840     
  1.169744910449220E+020  -18.6235110624542     
  1.197357391701760E+020  -18.6004621626244     
  1.225613692685777E+020  -18.5774132627947     
  1.254528824656938E+020  -18.5543643629649     
  1.284118148862330E+020  -18.5313154631351     
  1.314397384700140E+020  -18.5082665633054     
  1.345382618069532E+020  -18.4852176634756     
  1.377090309915180E+020  -18.4621687636458     
  1.409537304970974E+020  -18.4391198638161     
  1.442740840707564E+020  -18.4160709639863     
  1.476718556488462E+020  -18.3930220641565     
  1.511488502939580E+020  -18.3699731643267     
  1.547069151537182E+020  -18.3469242644970     
  1.583479404419328E+020  -18.3238753646672     
  1.620738604426037E+020  -18.3008264648374     
  1.658866545373468E+020  -18.2777775650077     
  1.697883482567583E+020  -18.2547286651779     
  1.737810143562929E+020  -18.2316797653481     
  1.778667739172123E+020  -18.2086308655183     
  1.820477974732051E+020  -18.1855819656886     
  1.863263061632594E+020  -18.1625330658588     
  1.907045729114120E+020  -18.1394841660290     
  1.951849236339964E+020  -18.1164352661993     
  1.997697384750259E+020  -18.0933863663695     
  2.044614530703764E+020  -18.0703374665397     
  2.092625598414331E+020  -18.0472885667099     
  2.141756093188911E+020  -18.0242396668802     
  2.192032114974052E+020  -18.0011907670504     
  2.243480372218215E+020  -17.9781418672206     
  2.296128196057145E+020  -17.9550929673909     
  2.350003554829843E+020  -17.9320440675611     
  2.405135068932907E+020  -17.9089951677313     
  2.461552026021062E+020  -17.8859462679016     
  2.519284396561933E+020  -17.8628973680718     
  2.578362849753376E+020  -17.8398484682420     
  2.638818769811809E+020  -17.8167995684122     
  2.700684272640067E+020  -17.7937506685825     
  2.763992222883797E+020  -17.7707017687527     
  2.828776251385335E+020  -17.7476528689229     
  2.895070773044274E+020  -17.7246039690932     
  2.962911005094420E+020  -17.7015550692634     
  3.032332985806530E+020  -17.6785061694336     
  3.103373593626997E+020  -17.6554572696038     
  3.176070566762527E+020  -17.6324083697741     
  3.250462523221190E+020  -17.6093594699443     
  3.326588981320463E+020  -17.5863105701145     
  3.404490380673293E+020  -17.5632616702848     
  3.484208103663074E+020  -17.5402127704550     
  3.565784497419075E+020  -17.5171638706252     
  3.649262896303951E+020  -17.4941149707954     
  3.734687644925297E+020  -17.4710660709657     
  3.822104121683296E+020  -17.4480171711359     
  3.911558762867173E+020  -17.4249682713061     
  4.003099087313019E+020  -17.4019193714764     
  4.096773721636207E+020  -17.3788704716466     
  4.192632426051707E+020  -17.3558215718168     
  4.290726120795986E+020  -17.3327726719871     
  4.391106913164516E+020  -17.3097237721573     
  4.493828125179306E+020  -17.2866748723275     
  4.598944321900893E+020  -17.2636259724977     
  4.706511340400055E+020  -17.2405770726680     
  4.816586319404461E+020  -17.2175281728382     
  4.929227729636013E+020  -17.1944792730084     
  5.044495404854924E+020  -17.1714303731787     
  5.162450573627007E+020  -17.1483814733489     
  5.283155891830983E+020  -17.1253325735191     
  5.406675475923129E+020  -17.1022836736893     
  5.533074936976736E+020  -17.0792347738596     
  5.662421415514475E+020  -17.0561858740298     
  5.794783617152268E+020  -17.0331369742000     
  5.930231849073217E+020  -17.0100880743703     
  6.068838057351300E+020  -16.9870391745405     
  6.210675865144212E+020  -16.9639902747107     
  6.355820611776018E+020  -16.9409413748809     
  6.504349392729772E+020  -16.9178924750512     
  6.656341100571850E+020  -16.8948435752214     
  6.811876466829244E+020  -16.8717946753916     
  6.971038104842153E+020  -16.8487457755619     
  7.133910553614558E+020  -16.8256968757321     
  7.300580322686015E+020  -16.8026479759023     
  7.471135938048291E+020  -16.7795990760726     
  7.645667989131269E+020  -16.7565501762428     
  7.824269176883020E+020  -16.7335012764130     
  8.007034362969238E+020  -16.7104523765832     
  8.194060620118424E+020  -16.6874034767535     
  8.385447283639245E+020  -16.6643545769237     
  8.581296004137222E+020  -16.6413056770939     
  8.781710801458865E+020  -16.6182567772642     
  8.986798119891732E+020  -16.5952078774344     
  9.196666884649372E+020  -16.5721589776046     
  9.411428559671478E+020  -16.5491100777748     
  9.631197206769229E+020  -16.5260611779451     
  9.856089546147635E+020  -16.5030122781153     
  1.008622501833649E+021  -16.4799633782855     
  1.032172584756293E+021  -16.4569144784558     
  1.056271710659883E+021  -16.4338655786260     
  1.080932678311766E+021  -16.4108166787962     
  1.106168584759532E+021  -16.3877677789664     
  1.131992832279164E+021  -16.3647188791367     
  1.158419135484822E+021  -16.3416699793069     
  1.185461528604119E+021  -16.3186210794771     
  1.213134372922632E+021  -16.2955721796474     
  1.241452364401676E+021  -16.2725232798176     
  1.270430541473283E+021  -16.2494743799878     
  1.300084293016560E+021  -16.2264254801580     
  1.330429366519575E+021  -16.2033765803283     
  1.361481876431136E+021  -16.1803276804985     
  1.393258312706827E+021  -16.1572787806687     
  1.425775549553869E+021  -16.1342298808390     
  1.459050854379295E+021  -16.1111809810092     
  1.493101896946334E+021  -16.0881320811794     
  1.527946758743654E+021  -16.0650831813497     
  1.563603942572544E+021  -16.0420342815199     
  1.600092382356979E+021  -16.0189853816901     
  1.637431453181858E+021  -15.9959364818603     
  1.675640981564548E+021  -15.9728875820306     
  1.714741255965285E+021  -15.9498386822008     
  1.754753037541903E+021  -15.9267897823710     
  1.795697571154551E+021  -15.9037408825413     
  1.837596596626220E+021  -15.8806919827115     
  1.880472360264960E+021  -15.8576430828817     
  1.924347626653917E+021  -15.8345941830519     
  1.969245690715328E+021  -15.8115452832222     
  2.015190390054851E+021  -15.7884963833924     
  2.062206117592730E+021  -15.7654474835626     
  2.110317834488398E+021  -15.7423985837329     
  2.159551083365352E+021  -15.7193496839031     
  2.209932001843236E+021  -15.6963007840733     
  2.261487336384207E+021  -15.6732518842435     
  2.314244456460914E+021  -15.6502029844138     
  2.368231369053492E+021  -15.6271540845840     
  2.423476733483172E+021  -15.6041051847542     
  2.480009876590315E+021  -15.5810562849245     
  2.537860808264845E+021  -15.5580073850947     
  2.597060237337154E+021  -15.5349584852649     
  2.657639587837922E+021  -15.5119095854352     
  2.719631015635245E+021  -15.4888606856054     
  2.783067425457904E+021  -15.4658117857756     
  2.847982488313629E+021  -15.4427628859458     
  2.914410659311472E+021  -15.4197139861161     
  2.982387195897655E+021  -15.3966650862863     
  3.051948176514405E+021  -15.3736161864565     
  3.123130519691553E+021  -15.3505672866268     
  3.195972003580873E+021  -15.3275183867970     
  3.270511285943355E+021  -15.3044694869672     
  3.346787924599878E+021  -15.2814205871374     
  3.424842398355949E+021  -15.2583716873077     
  3.504716128411440E+021  -15.2353227874779     
  3.586451500266514E+021  -15.2122738876481     
  3.670091886135082E+021  -15.1892249878184     
  3.755681667877598E+021  -15.1661760879886     
  3.843266260465066E+021  -15.1431271881588     
  3.932892135986473E+021  -15.1200782883290     
  4.024606848212218E+021  -15.0970293884993     
  4.118459057726212E+021  -15.0739804886695     
  4.214498557639885E+021  -15.0509315888397     
  4.312776299901261E+021  -15.0278826890100     
  4.413344422212964E+021  -15.0048337891802     
  4.516256275572984E+021  -14.9817848893504     
  4.621566452452638E+021  -14.9587359895207     
  4.729330815626222E+021  -14.9356870896909     
  4.839606527667386E+021  -14.9126381898611     
  4.952452081127450E+021  -14.8895892900313     
  5.067927329411392E+021  -14.8665403902016     
  5.186093518367357E+021  -14.8434914903718     
  5.307013318606143E+021  -14.8204425905420     
  5.430750858567305E+021  -14.7973936907123     
  5.557371758349011E+021  -14.7743447908825     
  5.686943164319025E+021  -14.7512958910527     
  5.819533784524830E+021  -14.7282469912229     
  5.955213924920952E+021  -14.7051980913932     
  6.094055526432319E+021  -14.6821491915634     
  6.236132202872663E+021  -14.6591002917336     
  6.381519279737479E+021  -14.6360513919039     
  6.530293833891439E+021  -14.6130024920741     
  6.682534734170770E+021  -14.5899535922443     
  6.838322682921322E+021  -14.5669046924145     
  6.997740258493650E+021  -14.5438557925848     
  7.160871958716935E+021  -14.5208068927550     
  7.327804245373945E+021  -14.4977579929252     
  7.498625589699842E+021  -14.4747090930955     
  7.673426518928003E+021  -14.4516601932657     
  7.852299663906769E+021  -14.4286112934359     
  8.035339807811212E+021  -14.4055623936062     
  8.222643935974896E+021  -14.3825134937764     
  8.414311286867051E+021  -14.3594645939466     
  8.610443404240833E+021  -14.3364156941168     
  8.811144190479451E+021  -14.3133667942871     
  9.016519961167052E+021  -14.2903178944573     
  9.226679500912188E+021  -14.2672689946275     
  9.441734120451961E+021  -14.2442200947978     
  9.661797715065814E+021  -14.2211711949680     
  9.886986824328520E+021  -14.1981222951382     
  1.011742069323255E+022  -14.1750733953084     
  1.035322133471042E+022  -14.1520244954787     
  1.059451359358881E+022  -14.1289755956489     
  1.084142521200631E+022  -14.1059266958191     
  1.109408689632785E+022  -14.0828777959894     
  1.135263238558929E+022  -14.0598288961596     
  1.161719852150641E+022  -14.0367799963298     
  1.188792532008331E+022  -14.0137310965000     
  1.216495604485612E+022  -13.9906821966703     
  1.244843728180838E+022  -13.9676332968405     
  1.273851901599527E+022  -13.9445843970107     
  1.303535470991528E+022  -13.9215354971810     
  1.333910138366743E+022  -13.8984865973512     
  1.364991969693455E+022  -13.8754376975214     
  1.396797403283269E+022  -13.8523887976916     
  1.429343258366809E+022  -13.8293398978619     
  1.462646743864417E+022  -13.8062909980321     
  1.496725467356156E+022  -13.7832420982023     
  1.531597444255526E+022  -13.7601931983726     
  1.567281107191385E+022  -13.7371442985428     
  1.603795315602671E+022  -13.7140953987130     
  1.641159365550607E+022  -13.6910464988833     
  1.679392999753175E+022  -13.6679975990535     
  1.718516417846709E+022  -13.6449486992237     
  1.758550286879645E+022  -13.6218997993939     
  1.799515752043441E+022  -13.5988508995642     
  1.841434447645903E+022  -13.5758019997344     
  1.884328508332165E+022  -13.5527530999046     
  1.928220580558751E+022  -13.5297042000749     
  1.973133834326199E+022  -13.5066553002451     
  2.019091975175871E+022  -13.4836064004153     
  2.066119256456672E+022  -13.4605575005855     
  2.114240491867504E+022  -13.4375086007558     
  2.163481068281433E+022  -13.4144597009260     
  2.213866958857609E+022  -13.3914108010962     
  2.265424736447159E+022  -13.3683619012665     
  2.318181587299344E+022  -13.3453130014367     
  2.372165325074401E+022  -13.3222641016069     
  2.427404405169651E+022  -13.2992152017771     
  2.483927939365549E+022  -13.2761663019474     
  2.541765710798446E+022  -13.2531174021176     
  2.600948189267061E+022  -13.2300685022878     
  2.661506546879702E+022  -13.2070196024581     
  2.723472674049394E+022  -13.1839707026283     
  2.786879195844340E+022  -13.1609218027985     
  2.851759488701096E+022  -13.1378729029688     
  2.918147697508122E+022  -13.1148240031390     
  2.986078753067426E+022  -13.0917751033092     
  3.055588389942198E+022  -13.0687262034794     
  3.126713164698452E+022  -13.0456773036497     
  3.199490474548861E+022  -13.0226284038199     
  3.273958576407096E+022  -12.9995795039901     
  3.350156606361090E+022  -12.9765306041604     
  3.428124599573919E+022  -12.9534817043306     
  3.507903510620951E+022  -12.9304328045008     
  3.589535234272245E+022  -12.9073839046710     
  3.673062626729235E+022  -12.8843350048413     
  3.758529527324881E+022  -12.8612861050115     
  3.845980780696685E+022  -12.8382372051817     
  3.935462259442022E+022  -12.8151883053520     
  4.027020887265560E+022  -12.7921394055222     
  4.120704662628436E+022  -12.7690905056924     
  4.216562682909315E+022  -12.7460416058626     
  4.314645169087383E+022  -12.7229927060329     
  4.415003490957512E+022  -12.6999438062031     
  4.517690192888184E+022  -12.6768949063733     
  4.622759020132644E+022  -12.6538460065436     
  4.730264945704040E+022  -12.6307971067138     
  4.840264197825569E+022  -12.6077482068840     
  4.952814287966567E+022  -12.5846993070543     
  5.067974039475801E+022  -12.5616504072245     
  5.185803616823410E+022  -12.5386015073947     
  5.306364555462862E+022  -12.5155526075649     
  5.429719792324780E+022  -12.4925037077352     
  5.555933696954288E+022  -12.4694548079054     
  5.685072103303997E+022  -12.4464059080756     
  5.817202342194651E+022  -12.4233570082459     
  5.952393274455737E+022  -12.4003081084161     
  6.090715324758468E+022  -12.3772592085863     
  6.232240516153634E+022  -12.3542103087565     
  6.377042505327051E+022  -12.3311614089268     
  6.525196618585391E+022  -12.3081125090970     
  6.676779888585350E+022  -12.2850636092672     
  6.831871091819187E+022  -12.2620147094375     
  6.990550786869841E+022  -12.2389658096077     
  7.152901353448935E+022  -12.2159169097779     
  7.319007032230985E+022  -12.1928680099481     
  7.488953965497534E+022  -12.1698191101184     
  7.662830238604542E+022  -12.1467702102886     
  7.840725922287004E+022  -12.1237213104588     
  8.022733115814388E+022  -12.1006724106291     
  8.208945991010941E+022  -12.0776235107993     
  8.399460837154555E+022  -12.0545746109695     
  8.594376106768490E+022  -12.0315257111398     
  8.793792462319784E+022  -12.0084768113100     
  8.997812823838513E+022  -11.9854279114802     
  9.206542417472159E+022  -11.9623790116504     
  9.420088824988991E+022  -11.9393301118207     
  9.638562034244826E+022  -11.9162812119909     
  9.862074490627271E+022  -11.8932323121611     
  1.009074114949163E+023  -11.8701834123314     
  1.032467952960257E+023  -11.8471345125016     
  1.056400976759556E+023  -11.8240856126718     
  1.080885467347234E+023  -11.8010367128420     
  1.105933978714407E+023  -11.7779878130123     
  1.131559343603639E+023  -11.7549389131825     
  1.157774679376985E+023  -11.7318900133527     
  1.184593393992953E+023  -11.7088411135230     
  1.212029192093726E+023  -11.6857922136932     
  1.240096081203997E+023  -11.6627433138634     
  1.268808378042712E+023  -11.6396944140336     
  1.298180714949026E+023  -11.6166455142039     
  1.328228046423749E+023  -11.5935966143741     
  1.358965655787543E+023  -11.5705477145443     
  1.390409161957049E+023  -11.5474988147146     
  1.422574526340188E+023  -11.5244499148848     
  1.455478059851778E+023  -11.5014010150550     
  1.489136430050557E+023  -11.4783521152252     
  1.523566668398761E+023  -11.4553032153955     
  1.558786177645243E+023  -11.4322543155657     
  1.594812739333175E+023  -11.4092054157359     
  1.631664521433259E+023  -11.3861565159062     
  1.669360086103375E+023  -11.3631076160764     
  1.707918397575487E+023  -11.3400587162466     
  1.747358830170622E+023  -11.3170098164169     
  1.787701176442642E+023  -11.2939609165871     
  1.828965655451464E+023  -11.2709120167573     
  1.871172921166342E+023  -11.2478631169275     
  1.914344070999722E+023  -11.2248142170978     
  1.958500654472110E+023  -11.2017653172680     
  2.003664682008341E+023  -11.1787164174382     
  2.049858633865496E+023  -11.1556675176085     
  2.097105469192671E+023  -11.1326186177787     
  2.145428635222698E+023  -11.1095697179489     
  2.194852076595800E+023  -11.0865208181191     
  2.245400244815068E+023  -11.0634719182894     
  2.297098107833562E+023  -11.0404230184596     
  2.349971159772662E+023  -11.0173741186298     
  2.404045430771267E+023  -10.9943252188001     
  2.459347496965220E+023  -10.9712763189703     
  2.515904490596277E+023  -10.9482274191405     
  2.573744110249776E+023  -10.9251785193107     
  2.632894631220014E+023  -10.9021296194810     
  2.693384916002226E+023  -10.8790807196512     
  2.755244424909854E+023  -10.8560318198214     
  2.818503226815694E+023  -10.8329829199917     
  2.883192010015342E+023  -10.8099340201619     
  2.949342093211125E+023  -10.7868851203321     
  3.016985436614617E+023  -10.7638362205024     
  3.086154653165601E+023  -10.7407873206726     
  3.156883019865223E+023  -10.7177384208428     
  3.229204489220746E+023  -10.6946895210130     
  3.303153700799354E+023  -10.6716406211833     
  3.378765992887962E+023  -10.6485917213535     
  3.456077414256105E+023  -10.6255428215237     
  3.535124736018462E+023  -10.6024939216940     
  3.615945463593580E+023  -10.5794450218642     
  3.698577848755005E+023  -10.5563961220344     
  3.783060901770910E+023  -10.5333472222046     
  3.869434403627957E+023  -10.5102983223749     
  3.957738918334997E+023  -10.4872494225451     
  4.048015805301976E+023  -10.4642005227153     
  4.140307231789041E+023  -10.4411516228856     
  4.234656185420797E+023  -10.4181027230558     
  4.331106486760218E+023  -10.3950538232260     
  4.429702801936633E+023  -10.3720049233962     
  4.530490655321808E+023  -10.3489560235665     
  4.633516442248056E+023  -10.3259071237367     
  4.738827441761829E+023  -10.3028582239069     
  4.846471829406256E+023  -10.2798093240772     
  4.956498690025570E+023  -10.2567604242474     
  5.068958030584312E+023  -10.2337115244176     
  5.183900792993867E+023  -10.2106626245879     
  5.301378866938574E+023  -10.1876137247581     
  5.421445102693548E+023  -10.1645648249283     
  5.544153323925941E+023  -10.1415159250985     
  5.669558340471221E+023  -10.1184670252688     
  5.797715961075831E+023  -10.0954181254390     
  5.928683006097237E+023  -10.0723692256092     
  6.062517320152328E+023  -10.0493203257795     
  6.199277784704664E+023  -10.0262714259497     
  6.339024330581143E+023  -10.0032225261199     
  6.481817950408228E+023  -9.98017362629014     
  6.627720710957803E+023  -9.95712472646037     
  6.776795765392426E+023  -9.93407582663060     
  6.929107365399892E+023  -9.91102692680083     
  7.084720873206281E+023  -9.88797802697106     
  7.243702773457315E+023  -9.86492912714129     
  7.406120684956862E+023  -9.84188022731152     
  7.572043372252150E+023  -9.81883132748175     
  7.741540757054485E+023  -9.79578242765198     
  7.914683929484629E+023  -9.77273352782220     
  8.091545159131776E+023  -9.74968462799243     
  8.272197905915087E+023  -9.72663572816266     
  8.456716830736769E+023  -9.70358682833289     
  8.645177805915476E+023  -9.68053792850312     
  8.837657925389359E+023  -9.65748902867335     
  9.034235514677682E+023  -9.63444012884358     
  9.234990140590158E+023  -9.61139122901381     
  9.440002620673558E+023  -9.58834232918404     
  9.649355032384881E+023  -9.56529342935427     
  9.863130721980945E+023  -9.54224452952450     
  1.008141431311429E+024  -9.51919562969472     
  1.030429171512557E+024  -9.49614672986495     
  1.053185013102289E+024  -9.47309783003518     
  1.076417806513913E+024  -9.45004893020541     
  1.100136533045814E+024  -9.42700003037564     
  1.124350305560167E+024  -9.40395113054587     
  1.149068369146891E+024  -9.38090223071610     
  1.174300101752136E+024  -9.35785333088633     
  1.200055014770571E+024  -9.33480443105656     
  1.226342753600877E+024  -9.31175553122679     
  1.253173098163827E+024  -9.28870663139702     
  1.280555963382455E+024  -9.26565773156725     
  1.308501399623844E+024  -9.24260883173747     
  1.337019593102169E+024  -9.21955993190770     
  1.366120866242667E+024  -9.19651103207793     
  1.395815678006314E+024  -9.17346213224816     
  1.426114624175073E+024  -9.15041323241839     
  1.457028437597582E+024  -9.12736433258862     
  1.488567988395394E+024  -9.10431543275885     
  1.520744284129808E+024  -9.08126653292908     
  1.553568469929526E+024  -9.05821763309931     
  1.587051828579404E+024  -9.03516873326954     
  1.621205780570746E+024  -9.01211983343977     
  1.656041884113594E+024  -8.98907093360999     
  1.691571835111605E+024  -8.96602203378022     
  1.727807467100272E+024  -8.94297313395045     
  1.764760751149236E+024  -8.91992423412068     
  1.802443795729652E+024  -8.89687533429091     
  1.840868846547608E+024  -8.87382643446114     
  1.880048286344723E+024  -8.85077753463137     
  1.919994634667187E+024  -8.82772863480160     
  1.960720547604575E+024  -8.80467973497183     
  2.002238817499890E+024  -8.78163083514206     
  2.044562372632421E+024  -8.75858193531229     
  2.087704276875043E+024  -8.73553303548251     
  2.131677729327774E+024  -8.71248413565274     
  2.176496063929455E+024  -8.68943523582297     
  2.222172749049513E+024  -8.66638633599320     
  2.268721387061901E+024  -8.64333743616343     
  2.316155713903361E+024  -8.62028853633366     
  2.364489598618316E+024  -8.59723963650389     
  2.413737042892665E+024  -8.57419073667412     
  2.463912180578986E+024  -8.55114183684435     
  2.515029277215609E+024  -8.52809293701458     
  2.567102729542128E+024  -8.50504403718481     
  2.620147065014072E+024  -8.48199513735504     
  2.674176941319376E+024  -8.45894623752526     
  2.729207145899444E+024  -8.43589733769549     
  2.785252595477641E+024  -8.41284843786572     
  2.842328335598063E+024  -8.38979953803595     
  2.900449540177485E+024  -8.36675063820618     
  2.959631511073447E+024  -8.34370173837641     
  3.019889677671385E+024  -8.32065283854664     
  3.081239596493863E+024  -8.29760393871687     
  3.143696950834805E+024  -8.27455503888710     
  3.207277550421762E+024  -8.25150613905733     
  3.271997331109219E+024  -8.22845723922756     
  3.337872354605841E+024  -8.20540833939778     
  3.404918808238706E+024  -8.18235943956801     
  3.473153004757342E+024  -8.15931053973824     
  3.542591382180572E+024  -8.13626163990847     
  3.613250503688915E+024  -8.11321274007870     
  3.685147057565418E+024  -8.09016384024893     
  3.758297857187637E+024  -8.06711494041916     
  3.832719841073431E+024  -8.04406604058939     
  3.908430072983240E+024  -8.02101714075962     
  3.985445742081323E+024  -7.99796824092985     
  4.063784163158478E+024  -7.97491934110008     
  4.143462776918575E+024  -7.95187044127031     
  4.224499150331207E+024  -7.92882154144054     
  4.306910977052649E+024  -7.90577264161077     
  4.390716077917198E+024  -7.88272374178100     
  4.475932401500909E+024  -7.85967484195123     
  4.562578024759546E+024  -7.83662594212146     
  4.650671153742572E+024  -7.81357704229169     
  4.740230124384771E+024  -7.79052814246192     
  4.831273403377092E+024  -7.76747924263215     
  4.923819589118059E+024  -7.74443034280238     
  5.017887412747087E+024  -7.72138144297261     
  5.113495739260863E+024  -7.69833254314284     
  5.210663568713813E+024  -7.67528364331307     
  5.309410037503618E+024  -7.65223474348330     
  5.409754419742534E+024  -7.62918584365353     
  5.511716128715251E+024  -7.60613694382376     
  5.615314718423775E+024  -7.58308804399399     
  5.720569885219848E+024  -7.56003914416422     
  5.827501469525164E+024  -7.53699024433445     
  5.936129457639628E+024  -7.51394134450468     
  6.046473983637745E+024  -7.49089244467491     
  6.158555331353066E+024  -7.46784354484514     
  6.272393936450663E+024  -7.44479464501537     
  6.388010388587312E+024  -7.42174574518560     
  6.505425433659128E+024  -7.39869684535583     
  6.624659976136163E+024  -7.37564794552606     
  6.745735081483538E+024  -7.35259904569629     
  6.868671978668415E+024  -7.32955014586652     
  6.993492062752188E+024  -7.30650124603675     
  7.120216897567124E+024  -7.28345234620698     
  7.248868218476616E+024  -7.26040344637721     
  7.379467935218142E+024  -7.23735454654744     
  7.512038134827967E+024  -7.21430564671767     
  7.646601084646629E+024  -7.19125674688790     
  7.783179235404021E+024  -7.16820784705813     
  7.921795224383087E+024  -7.14515894722836     
  8.062471878660894E+024  -7.12211004739859     
  8.205232218425908E+024  -7.09906114756882     
  8.350099460370256E+024  -7.07601224773905     
  8.497097021155722E+024  -7.05296334790928     
  8.646248520952211E+024  -7.02991444807951     
  8.797577787047408E+024  -7.00686554824974     
  8.951108857526300E+024  -6.98381664841997     
  9.106865985019312E+024  -6.96076774859020     
  9.264873640517712E+024  -6.93771884876043     
  9.425156517255004E+024  -6.91466994893066     
  9.587739534653009E+024  -6.89162104910089     
  9.752647842331354E+024  -6.86857214927112     
  9.919906824179121E+024  -6.84552324944135     
  1.008954210248736E+025  -6.82247434961158     
  1.026157954214128E+025  -6.79942544978181     
  1.043604525487089E+025  -6.77637654995204     
  1.061296560355895E+025  -6.75332765012227     
  1.079236720660506E+025  -6.73027875029250     
  1.097427694234474E+025  -6.70722985046273     
  1.115872195352256E+025  -6.68418095063296     
  1.134572965181815E+025  -6.66113205080319     
  1.153532772242412E+025  -6.63808315097342     
  1.172754412867497E+025  -6.61503425114365     
  1.192240711672617E+025  -6.59198535131388     
  1.211994522028230E+025  -6.56893645148411     
  1.232018726537376E+025  -6.54588755165434     
  1.252316237518094E+025  -6.52283865182457     
  1.272889997490548E+025  -6.49978975199480     
  1.293742979668766E+025  -6.47674085216503     
  1.314878188456947E+025  -6.45369195233526     
  1.336298659950276E+025  -6.43064305250549     
  1.358007462440194E+025  -6.40759415267572     
  1.380007696924075E+025  -6.38454525284595     
  1.402302497619276E+025  -6.36149635301618     
  1.424895032481515E+025  -6.33844745318641     
  1.447788503727558E+025  -6.31539855335664     
  1.470986148362173E+025  -6.29234965352687     
  1.494491238709347E+025  -6.26930075369710     
  1.518307082947744E+025  -6.24625185386733     
  1.542437025650388E+025  -6.22320295403756     
  1.566884448328574E+025  -6.20015405420779     
  1.591652769980004E+025  -6.17710515437802     
  1.616745447641154E+025  -6.15405625454825     
  1.642165976943869E+025  -6.13100735471848     
  1.667917892676218E+025  -6.10795845488871     
  1.694004769347617E+025  -6.08490955505894     
  1.720430221758239E+025  -6.06186065522917     
  1.747197905572746E+025  -6.03881175539940     
  1.774311517898369E+025  -6.01576285556963     
  1.801774797867373E+025  -5.99271395573986     
  1.829591527223948E+025  -5.96966505591009     
  1.857765530915562E+025  -5.94661615608032     
  1.886300677688832E+025  -5.92356725625055     
  1.915200880689960E+025  -5.90051835642078     
  1.944470098069788E+025  -5.87746945659101     
  1.974112333593524E+025  -5.85442055676124     
  2.004131637255214E+025  -5.83137165693147     
  2.034532105897013E+025  -5.80832275710170     
  2.065317883833321E+025  -5.78527385727193     
  2.096493163479865E+025  -5.76222495744216     
  2.128062185987801E+025  -5.73917605761239     
  2.160029241882886E+025  -5.71612715778262     
  2.192398671709838E+025  -5.69307825795285     
  2.225174866681944E+025  -5.67002935812308     
  2.258362269335994E+025  -5.64698045829331     
  2.291965374192651E+025  -5.62393155846354     
  2.325988728422322E+025  -5.60088265863377     
  2.360436932516630E+025  -5.57783375880400     
  2.395314640965597E+025  -5.55478485897423     
  2.430626562940608E+025  -5.53173595914446     
  2.466377462983262E+025  -5.50868705931469     
  2.502572161700225E+025  -5.48563815948492     
  2.539215536464163E+025  -5.46258925965515     
  2.576312522120879E+025  -5.43954035982538     
  2.613868111702744E+025  -5.41649145999561     
  2.651887357148533E+025  -5.39344256016584     
  2.690375370029788E+025  -5.37039366033607     
  2.729337322283793E+025  -5.34734476050630     
  2.768778446953294E+025  -5.32429586067653     
  2.808704038933071E+025  -5.30124696084676     
  2.849119455723461E+025  -5.27819806101699     
  2.890030118190978E+025  -5.25514916118722     
  2.931441511336114E+025  -5.23210026135745     
  2.973359185068469E+025  -5.20905136152768     
  3.015788754989303E+025  -5.18600246169791     
  3.058735903181649E+025  -5.16295356186814     
  3.102206379008099E+025  -5.13990466203837     
  3.146205999916392E+025  -5.11685576220860     
  3.190740652252917E+025  -5.09380686237883     
  3.235816292084273E+025  -5.07075796254906     
  3.281438946026986E+025  -5.04770906271929     
  3.327614712085542E+025  -5.02466016288952     
  3.374349760498824E+025  -5.00161126305975     
  3.421650334595122E+025  -4.97856236322998     
  3.469522751655812E+025  -4.95551346340021     
  3.517973403787847E+025  -4.93246456357044     
  3.567008758805201E+025  -4.90941566374067     
  3.616635361119360E+025  -4.88636676391090     
  3.666859832639042E+025  -4.86331786408113     
  3.717688873679238E+025  -4.84026896425136     
  3.769129263879717E+025  -4.81722006442159     
  3.821187863133146E+025  -4.79417116459182     
  3.873871612522925E+025  -4.77112226476205     
  3.927187535270892E+025  -4.74807336493228     
  3.981142737695050E+025  -4.72502446510251     
  4.035744410177387E+025  -4.70197556527274     
  4.090999828142000E+025  -4.67892666544297     
  4.146916353043619E+025  -4.65587776561320     
  4.203501433366631E+025  -4.63282886578343     
  4.260762605634823E+025  -4.60977996595366     
  4.318707495431906E+025  -4.58673106612389     
  4.377343818432965E+025  -4.56368216629412     
  4.436679381447016E+025  -4.54063326646435     
  4.496722083470726E+025  -4.51758436663458     
  4.557479916753509E+025  -4.49453546680481     
  4.618960967874064E+025  -4.47148656697504     
  4.681173418828516E+025  -4.44843766714527     
  4.744125548130294E+025  -4.42538876731550     
  4.807825731921857E+025  -4.40233986748573     
  4.872282445098410E+025  -4.37929096765596     
  4.937504262443717E+025  -4.35624206782619     
  5.003499859778152E+025  -4.33319316799642     
  5.070278015119114E+025  -4.31014426816665     
  5.137847609853883E+025  -4.28709536833688     
  5.206217629925084E+025  -4.26404646850711     
  5.275397167028849E+025  -4.24099756867734     
  5.345395419825769E+025  -4.21794866884757     
  5.416221695164786E+025  -4.19489976901780     
  5.487885409320073E+025  -4.17185086918803     
  5.560396089241048E+025  -4.14880196935826     
  5.633763373815566E+025  -4.12575306952849     
  5.707997015146420E+025  -4.10270416969872     
  5.783106879841191E+025  -4.07965526986895     
  5.859102950315547E+025  -4.05660637003918     
  5.935995326110045E+025  -4.03355747020941     
  6.013794225220473E+025  -4.01050857037964     
  6.092509985441834E+025  -3.98745967054987     
  6.172153065725928E+025  -3.96441077072010     
  6.252734047552636E+025  -3.94136187089033     
  6.334263636314865E+025  -3.91831297106056     
  6.416752662717172E+025  -3.89526407123079     
  6.500212084188057E+025  -3.87221517140102     
  6.584652986305900E+025  -3.84916627157125     
  6.670086584238453E+025  -3.82611737174148     
  6.756524224195884E+025  -3.80306847191171     
  6.843977384897224E+025  -3.78001957208194     
  6.932457679050135E+025  -3.75697067225217     
  7.021976854843865E+025  -3.73392177242239     
  7.112546797455226E+025  -3.71087287259262     
  7.204179530567382E+025  -3.68782397276285     
  7.296887217901252E+025  -3.66477507293308     
  7.390682164759244E+025  -3.64172617310331     
  7.485576819581044E+025  -3.61867727327354     
  7.581583775511108E+025  -3.59562837344377     
  7.678715771977467E+025  -3.57257947361400     
  7.776985696281435E+025  -3.54953057378423     
  7.876406585197720E+025  -3.52648167395446     
  7.976991626584387E+025  -3.50343277412469     
  8.078754161002088E+025  -3.48038387429492     
  8.181707683341878E+025  -3.45733497446515     
  8.285865844460832E+025  -3.43428607463538     
  8.391242452824723E+025  -3.41123717480561     
  8.497851476156733E+025  -3.38818827497584     
  8.605707043091286E+025  -3.36513937514607     
  8.714823444831834E+025  -3.34209047531630     
  8.825215136811355E+025  -3.31904157548653     
  8.936896740354299E+025  -3.29599267565676     
  9.049883044338402E+025  -3.27294377582699     
  9.164189006854803E+025  -3.24989487599722     
  9.279829756864727E+025  -3.22684597616745     
  9.396820595850664E+025  -3.20379707633768     
  9.515176999460063E+025  -3.18074817650790     
  9.634914619139117E+025  -3.15769927667813     
  9.756049283754144E+025  -3.13465037684836     
  9.878597001197793E+025  -3.11160147701859     
  1.000257395997701E+026  -3.08855257718882     
  1.012799653077955E+026  -3.06550367735905     
  1.025488126801536E+026  -3.04245477752928     
  1.038324491132896E+026  -3.01940587769951     
  1.051310438707855E+026  -2.99635697786974     
  1.064447680977723E+026  -2.97330807803997     
  1.077737948349126E+026  -2.95025917821020     
  1.091182990318987E+026  -2.92721027838043     
  1.104784575604066E+026  -2.90416137855066     
  1.118544492264413E+026  -2.88111247872089     
  1.132464547820023E+026  -2.85806357889112     
  1.146546569359939E+026  -2.83501467906135     
  1.160792403642949E+026  -2.81196577923158     
  1.175203917189008E+026  -2.78891687940181     
  1.189782996360370E+026  -2.76586797957204     
  1.204531547431389E+026  -2.74281907974227     
  1.219451496645832E+026  -2.71977017991250     
  1.234544790260445E+026  -2.69672128008273     
  1.249813394573419E+026  -2.67367238025296     
  1.265259295936287E+026  -2.65062348042318     
  1.280884500747661E+026  -2.62757458059341     
  1.296691035427064E+026  -2.60452568076364     
  1.312680946367002E+026  -2.58147678093387     
  1.328856299861247E+026  -2.55842788110410     
  1.345219182007121E+026  -2.53537898127433     
  1.361771698579415E+026  -2.51233008144456     
  1.378515974873369E+026  -2.48928118161479     
  1.395454155513922E+026  -2.46623228178502     
  1.412588404228226E+026  -2.44318338195525     
  1.429920903578157E+026  -2.42013448212548     
  1.447453854649308E+026  -2.39708558229571     
  1.465189476692653E+026  -2.37403668246594     
  1.483130006714766E+026  -2.35098778263617     
  1.501277699012151E+026  -2.32793888280640     
  1.519634824644880E+026  -2.30488998297663     
  1.538203670844371E+026  -2.28184108314686     
  1.556986540349692E+026  -2.25879218331709     
  1.575985750666395E+026  -2.23574328348732     
  1.595203633241341E+026  -2.21269438365755     
  1.614642532546550E+026  -2.18964548382778     
  1.634304805064509E+026  -2.16659658399801     
  1.654192818166831E+026  -2.14354768416824     
  1.674308948877519E+026  -2.12049878433846     
  1.694655582511463E+026  -2.09744988450869     
  1.715235111178067E+026  -2.07440098467892     
  1.736049932139172E+026  -2.05135208484915     
  1.757102446009672E+026  -2.02830318501938     
  1.778395054788377E+026  -2.00525428518961     
  1.799930159705738E+026  -1.98220538535984     
  1.821710158874239E+026  -1.95915648553007     
  1.843737444726162E+026  -1.93610758570030     
  1.866014401222465E+026  -1.91305868587053     
  1.888543400815444E+026  -1.89000978604076     
  1.911326801146691E+026  -1.86696088621099     
  1.934366941460741E+026  -1.84391198638122     
  1.957666138713570E+026  -1.82086308655145     
  1.981226683353896E+026  -1.79781418672168     
  2.005050834753948E+026  -1.77476528689191     
  2.029140816265131E+026  -1.75171638706214     
  2.053498809872685E+026  -1.72866748723237     
  2.078126950422206E+026  -1.70561858740260     
  2.103027319389593E+026  -1.68256968757283     
  2.128201938164828E+026  -1.65952078774306     
  2.153652760818812E+026  -1.63647188791329     
  2.179381666321431E+026  -1.61342298808352     
  2.205390450178112E+026  -1.59037408825375     
  2.231680815451361E+026  -1.56732518842398     
  2.258254363133191E+026  -1.54427628859421     
  2.285112581834070E+026  -1.52122738876444     
  2.312256836753982E+026  -1.49817848893467     
  2.339688357901613E+026  -1.47512958910490     
  2.367408227528432E+026  -1.45208068927513     
  2.395417366745824E+026  -1.42903178944536     
  2.423716521295347E+026  -1.40598288961559     
  2.452306246444837E+026  -1.38293398978582     
  2.481186890986574E+026  -1.35988508995605     
  2.510358580318038E+026  -1.33683619012628     
  2.539821198591286E+026  -1.31378729029651     
  2.569574369923502E+026  -1.29073839046674     
  2.599617438669168E+026  -1.26768949063697     
  2.629949448763653E+026  -1.24464059080720     
  2.660569122158785E+026  -1.22159169097743     
  2.691474836383615E+026  -1.19854279114766     
  2.722664601277837E+026  -1.17549389131789     
  2.754136034961587E+026  -1.15244499148811     
  2.785886339123489E+026  -1.12939609165834     
  2.817912273729035E+026  -1.10634719182857     
  2.850210131273549E+026  -1.08329829199880     
  2.882775710728090E+026  -1.06024939216903     
  2.915604291352634E+026  -1.03720049233926     
  2.948690606578441E+026  -1.01415159250949     
  2.982028818190430E+026 -0.991102692679724     
  3.015612491070339E+026 -0.968053792849953     
  3.049434568791727E+026 -0.945004893020183     
  3.083487350388201E+026 -0.921955993190413     
  3.117762468645515E+026 -0.898907093360643     
  3.152250870295799E+026 -0.875858193530872     
  3.186942798517010E+026 -0.852809293701102     
  3.221827778161674E+026 -0.829760393871332     
  3.256894604154864E+026 -0.806711494041562     
  3.292131333511010E+026 -0.783662594211792     
  3.327525281420973E+026 -0.760613694382021     
  3.363063021853910E+026 -0.737564794552251     
  3.398730393101339E+026 -0.714515894722481     
  3.434512508662454E+026 -0.691466994892711     
  3.470393773829459E+026 -0.668418095062941     
  3.506357908278654E+026 -0.645369195233170     
  3.542387974907349E+026 -0.622320295403400     
  3.578466415078273E+026 -0.599271395573630     
  3.614575090343111E+026 -0.576222495743860     
  3.650695330616162E+026 -0.553173595914090     
  3.686807988659734E+026 -0.530124696084319     
  3.722893500627357E+026 -0.507075796254549     
  3.758931952291804E+026 -0.484026896424779     
  3.794903150465758E+026 -0.460977996595009     
  3.830786699007350E+026 -0.437929096765239     
  3.866562078694430E+026 -0.414880196935468     
  3.902208730154133E+026 -0.391831297105698     
  3.937706138951782E+026 -0.368782397275928     
  3.973033921878439E+026 -0.345733497446158     
  4.008171913432416E+026 -0.322684597616387     
  4.043100251468619E+026 -0.299635697786617     
  4.077799460991922E+026 -0.276586797956847     
  4.112250535097188E+026 -0.253537898127077     
  4.146435012108334E+026 -0.230488998297307     
  4.180335048040372E+026 -0.207440098467536     
  4.213933483599456E+026 -0.184391198637766     
  4.247213905043235E+026 -0.161342298807996     
  4.280160698343835E+026 -0.138293398978226     
  4.312759096224507E+026 -0.115244499148455     
  4.344995217774162E+026 -9.219559931868521E-002
  4.376856100477706E+026 -6.914669948891498E-002
  4.408329724630252E+026 -4.609779965914476E-002
  4.439405030226405E+026 -2.304889982937454E-002
  4.470071926529247E+026  3.956904248703097E-013
