     -2.3025851E+001      2.4418612E+009      0.0000000E+000     -2.4418669E+009
     -2.3002802E+001      2.3862225E+009      3.0403904E+009     -2.3862283E+009
     -2.2979753E+001      2.3318516E+009      2.1564442E+009     -2.3318573E+009
     -2.2956704E+001      2.2787195E+009      2.3255986E+009     -2.2787252E+009
     -2.2933655E+001      2.2267980E+009      2.2141190E+009     -2.2268038E+009
     -2.2910606E+001      2.1760596E+009      2.1793421E+009     -2.1760654E+009
     -2.2887558E+001      2.1264773E+009      2.1254852E+009     -2.1264831E+009
     -2.2864509E+001      2.0780248E+009      2.0781812E+009     -2.0780305E+009
     -2.2841460E+001      2.0306762E+009      2.0305276E+009     -2.0306819E+009
     -2.2818411E+001      1.9844065E+009      1.9843419E+009     -1.9844122E+009
     -2.2795362E+001      1.9391911E+009      1.9391064E+009     -1.9391968E+009
     -2.2772313E+001      1.8950059E+009      1.8949294E+009     -1.8950116E+009
     -2.2749264E+001      1.8518275E+009      1.8517512E+009     -1.8518332E+009
     -2.2726215E+001      1.8096329E+009      1.8095590E+009     -1.8096386E+009
     -2.2703166E+001      1.7683997E+009      1.7683275E+009     -1.7684054E+009
     -2.2680117E+001      1.7281061E+009      1.7280356E+009     -1.7281117E+009
     -2.2657069E+001      1.6887305E+009      1.6886618E+009     -1.6887362E+009
     -2.2634020E+001      1.6502522E+009      1.6501850E+009     -1.6502578E+009
     -2.2610971E+001      1.6126505E+009      1.6125854E+009     -1.6126562E+009
     -2.2587922E+001      1.5759057E+009      1.5758414E+009     -1.5759113E+009
     -2.2564873E+001      1.5399981E+009      1.5399359E+009     -1.5400037E+009
     -2.2541824E+001      1.5049086E+009      1.5048485E+009     -1.5049142E+009
     -2.2518775E+001      1.4706187E+009      1.4705595E+009     -1.4706243E+009
     -2.2495726E+001      1.4371101E+009      1.4370522E+009     -1.4371157E+009
     -2.2472677E+001      1.4043650E+009      1.4043084E+009     -1.4043705E+009
     -2.2449628E+001      1.3723659E+009      1.3723113E+009     -1.3723715E+009
     -2.2426580E+001      1.3410960E+009      1.3410426E+009     -1.3411016E+009
     -2.2403531E+001      1.3105386E+009      1.3104866E+009     -1.3105442E+009
     -2.2380482E+001      1.2806775E+009      1.2806267E+009     -1.2806830E+009
     -2.2357433E+001      1.2514967E+009      1.2514473E+009     -1.2515023E+009
     -2.2334384E+001      1.2229809E+009      1.2229326E+009     -1.2229864E+009
     -2.2311335E+001      1.1951148E+009      1.1950680E+009     -1.1951203E+009
     -2.2288286E+001      1.1678836E+009      1.1678372E+009     -1.1678891E+009
     -2.2265237E+001      1.1412729E+009      1.1412286E+009     -1.1412784E+009
     -2.2242188E+001      1.1152685E+009      1.1152256E+009     -1.1152740E+009
     -2.2219139E+001      1.0898567E+009      1.0898142E+009     -1.0898621E+009
     -2.2196091E+001      1.0650238E+009      1.0649821E+009     -1.0650293E+009
     -2.2173042E+001      1.0407568E+009      1.0407160E+009     -1.0407623E+009
     -2.2149993E+001      1.0170427E+009      1.0170039E+009     -1.0170482E+009
     -2.2126944E+001      9.9386897E+008      9.9383042E+008     -9.9387442E+008
     -2.2103895E+001      9.7122324E+008      9.7118680E+008     -9.7122868E+008
     -2.2080846E+001      9.4909350E+008      9.4905728E+008     -9.4909892E+008
     -2.2057797E+001      9.2746799E+008      9.2743210E+008     -9.2747341E+008
     -2.2034748E+001      9.0633523E+008      9.0630117E+008     -9.0634064E+008
     -2.2011699E+001      8.8568398E+008      8.8565057E+008     -8.8568939E+008
     -2.1988650E+001      8.6550328E+008      8.6547053E+008     -8.6550868E+008
     -2.1965602E+001      8.4578240E+008      8.4575133E+008     -8.4578779E+008
     -2.1942553E+001      8.2651087E+008      8.2648005E+008     -8.2651624E+008
     -2.1919504E+001      8.0767845E+008      8.0764788E+008     -8.0768382E+008
     -2.1896455E+001      7.8927513E+008      7.8924619E+008     -7.8928049E+008
     -2.1873406E+001      7.7129113E+008      7.7126264E+008     -7.7129648E+008
     -2.1850357E+001      7.5371691E+008      7.5368931E+008     -7.5372225E+008
     -2.1827308E+001      7.3654312E+008      7.3651623E+008     -7.3654845E+008
     -2.1804259E+001      7.1976064E+008      7.1973450E+008     -7.1976596E+008
     -2.1781210E+001      7.0336055E+008      7.0333513E+008     -7.0336587E+008
     -2.1758161E+001      6.8733415E+008      6.8730942E+008     -6.8733945E+008
     -2.1735113E+001      6.7167291E+008      6.7164887E+008     -6.7167821E+008
     -2.1712064E+001      6.5636852E+008      6.5634515E+008     -6.5637381E+008
     -2.1689015E+001      6.4141285E+008      6.4139012E+008     -6.4141812E+008
     -2.1665966E+001      6.2679794E+008      6.2677586E+008     -6.2680321E+008
     -2.1642917E+001      6.1251604E+008      6.1249458E+008     -6.1252130E+008
     -2.1619868E+001      5.9855956E+008      5.9853870E+008     -5.9856480E+008
     -2.1596819E+001      5.8492107E+008      5.8490082E+008     -5.8492632E+008
     -2.1573770E+001      5.7159335E+008      5.7157368E+008     -5.7159858E+008
     -2.1550721E+001      5.5856930E+008      5.5855020E+008     -5.5857453E+008
     -2.1527672E+001      5.4584202E+008      5.4582346E+008     -5.4584723E+008
     -2.1504624E+001      5.3340472E+008      5.3338671E+008     -5.3340992E+008
     -2.1481575E+001      5.2125081E+008      5.2123333E+008     -5.2125601E+008
     -2.1458526E+001      5.0937384E+008      5.0935687E+008     -5.0937902E+008
     -2.1435477E+001      4.9776748E+008      4.9775102E+008     -4.9777266E+008
     -2.1412428E+001      4.8642558E+008      4.8640961E+008     -4.8643075E+008
     -2.1389379E+001      4.7534211E+008      4.7532662E+008     -4.7534727E+008
     -2.1366330E+001      4.6451118E+008      4.6449616E+008     -4.6451633E+008
     -2.1343281E+001      4.5392703E+008      4.5391247E+008     -4.5393217E+008
     -2.1320232E+001      4.4358405E+008      4.4356994E+008     -4.4358918E+008
     -2.1297183E+001      4.3347674E+008      4.3346307E+008     -4.3348186E+008
     -2.1274135E+001      4.2359972E+008      4.2358648E+008     -4.2360483E+008
     -2.1251086E+001      4.1394776E+008      4.1393493E+008     -4.1395286E+008
     -2.1228037E+001      4.0451572E+008      4.0450330E+008     -4.0452081E+008
     -2.1204988E+001      3.9529859E+008      3.9528657E+008     -3.9530367E+008
     -2.1181939E+001      3.8629147E+008      3.8627984E+008     -3.8629655E+008
     -2.1158890E+001      3.7748959E+008      3.7747834E+008     -3.7749466E+008
     -2.1135841E+001      3.6888826E+008      3.6887738E+008     -3.6889332E+008
     -2.1112792E+001      3.6048291E+008      3.6047240E+008     -3.6048796E+008
     -2.1089743E+001      3.5226909E+008      3.5225893E+008     -3.5227413E+008
     -2.1066694E+001      3.4424241E+008      3.4423260E+008     -3.4424744E+008
     -2.1043646E+001      3.3639863E+008      3.3638916E+008     -3.3640365E+008
     -2.1020597E+001      3.2873357E+008      3.2872443E+008     -3.2873858E+008
     -2.0997548E+001      3.2124316E+008      3.2123434E+008     -3.2124817E+008
     -2.0974499E+001      3.1392343E+008      3.1391492E+008     -3.1392842E+008
     -2.0951450E+001      3.0677047E+008      3.0676227E+008     -3.0677546E+008
     -2.0928401E+001      2.9978050E+008      2.9977260E+008     -2.9978548E+008
     -2.0905352E+001      2.9294980E+008      2.9294219E+008     -2.9295476E+008
     -2.0882303E+001      2.8627474E+008      2.8626742E+008     -2.8627969E+008
     -2.0859254E+001      2.7975177E+008      2.7974473E+008     -2.7975671E+008
     -2.0836205E+001      2.7337743E+008      2.7337066E+008     -2.7338236E+008
     -2.0813157E+001      2.6714833E+008      2.6714182E+008     -2.6715325E+008
     -2.0790108E+001      2.6106116E+008      2.6105492E+008     -2.6106608E+008
     -2.0767059E+001      2.5511269E+008      2.5510670E+008     -2.5511760E+008
     -2.0744010E+001      2.4929976E+008      2.4929402E+008     -2.4930466E+008
     -2.0720961E+001      2.4361927E+008      2.4361378E+008     -2.4362417E+008
     -2.0697912E+001      2.3806822E+008      2.3806296E+008     -2.3807311E+008
     -2.0674863E+001      2.3264366E+008      2.3263863E+008     -2.3264853E+008
     -2.0651814E+001      2.2734269E+008      2.2733789E+008     -2.2734755E+008
     -2.0628765E+001      2.2216251E+008      2.2215792E+008     -2.2216736E+008
     -2.0605716E+001      2.1710036E+008      2.1709599E+008     -2.1710520E+008
     -2.0582668E+001      2.1215355E+008      2.1214939E+008     -2.1215839E+008
     -2.0559619E+001      2.0731945E+008      2.0731550E+008     -2.0732428E+008
     -2.0536570E+001      2.0259551E+008      2.0259176E+008     -2.0260033E+008
     -2.0513521E+001      1.9797920E+008      1.9797564E+008     -1.9798401E+008
     -2.0490472E+001      1.9346807E+008      1.9346471E+008     -1.9347287E+008
     -2.0467423E+001      1.8905974E+008      1.8905655E+008     -1.8906453E+008
     -2.0444374E+001      1.8475184E+008      1.8474884E+008     -1.8475663E+008
     -2.0421325E+001      1.8054211E+008      1.8053928E+008     -1.8054688E+008
     -2.0398276E+001      1.7642829E+008      1.7642564E+008     -1.7643306E+008
     -2.0375227E+001      1.7240821E+008      1.7240573E+008     -1.7241297E+008
     -2.0352179E+001      1.6847973E+008      1.6847741E+008     -1.6848448E+008
     -2.0329130E+001      1.6464076E+008      1.6463861E+008     -1.6464550E+008
     -2.0306081E+001      1.6088926E+008      1.6088726E+008     -1.6089399E+008
     -2.0283032E+001      1.5722324E+008      1.5722140E+008     -1.5722796E+008
     -2.0259983E+001      1.5364076E+008      1.5363906E+008     -1.5364547E+008
     -2.0236934E+001      1.5013990E+008      1.5013835E+008     -1.5014460E+008
     -2.0213885E+001      1.4671881E+008      1.4671740E+008     -1.4672350E+008
     -2.0190836E+001      1.4337567E+008      1.4337440E+008     -1.4338035E+008
     -2.0167787E+001      1.4010871E+008      1.4010757E+008     -1.4011338E+008
     -2.0144738E+001      1.3691618E+008      1.3691518E+008     -1.3692084E+008
     -2.0121690E+001      1.3379640E+008      1.3379552E+008     -1.3380105E+008
     -2.0098641E+001      1.3074770E+008      1.3074695E+008     -1.3075234E+008
     -2.0075592E+001      1.2776847E+008      1.2776784E+008     -1.2777310E+008
     -2.0052543E+001      1.2485712E+008      1.2485662E+008     -1.2486175E+008
     -2.0029494E+001      1.2201211E+008      1.2201172E+008     -1.2201672E+008
     -2.0006445E+001      1.1923192E+008      1.1923165E+008     -1.1923653E+008
     -1.9983396E+001      1.1651508E+008      1.1651492E+008     -1.1651968E+008
     -1.9960347E+001      1.1386014E+008      1.1386009E+008     -1.1386473E+008
     -1.9937298E+001      1.1126570E+008      1.1126575E+008     -1.1127028E+008
     -1.9914249E+001      1.0873037E+008      1.0873053E+008     -1.0873494E+008
     -1.9891201E+001      1.0625281E+008      1.0625307E+008     -1.0625738E+008
     -1.9868152E+001      1.0383171E+008      1.0383206E+008     -1.0383626E+008
     -1.9845103E+001      1.0146577E+008      1.0146622E+008     -1.0147031E+008
     -1.9822054E+001      9.9153735E+007      9.9154278E+007     -9.9158271E+007
     -1.9799005E+001      9.6894384E+007      9.6895018E+007     -9.6898911E+007
     -1.9775956E+001      9.4686513E+007      9.4687236E+007     -9.4691030E+007
     -1.9752907E+001      9.2528950E+007      9.2529758E+007     -9.2533458E+007
     -1.9729858E+001      9.0420547E+007      9.0421440E+007     -9.0425046E+007
     -1.9706809E+001      8.8360185E+007      8.8361160E+007     -8.8364675E+007
     -1.9683760E+001      8.6346769E+007      8.6347824E+007     -8.6351250E+007
     -1.9660712E+001      8.4379230E+007      8.4380363E+007     -8.4383701E+007
     -1.9637663E+001      8.2456522E+007      8.2457731E+007     -8.2460984E+007
     -1.9614614E+001      8.0577623E+007      8.0578906E+007     -8.0582076E+007
     -1.9591565E+001      7.8741536E+007      7.8742891E+007     -7.8745980E+007
     -1.9568516E+001      7.6947286E+007      7.6948711E+007     -7.6951720E+007
     -1.9545467E+001      7.5193917E+007      7.5195411E+007     -7.5198343E+007
     -1.9522418E+001      7.3480500E+007      7.3482061E+007     -7.3484917E+007
     -1.9499369E+001      7.1806124E+007      7.1807750E+007     -7.1810532E+007
     -1.9476320E+001      7.0169900E+007      7.0171588E+007     -7.0174298E+007
     -1.9453271E+001      6.8570957E+007      6.8572708E+007     -6.8575346E+007
     -1.9430223E+001      6.7008447E+007      6.7010258E+007     -6.7012827E+007
     -1.9407174E+001      6.5481540E+007      6.5483409E+007     -6.5485910E+007
     -1.9384125E+001      6.3989424E+007      6.3991349E+007     -6.3993785E+007
     -1.9361076E+001      6.2531306E+007      6.2533287E+007     -6.2535658E+007
     -1.9338027E+001      6.1106412E+007      6.1108447E+007     -6.1110755E+007
     -1.9314978E+001      5.9713985E+007      5.9716073E+007     -5.9718319E+007
     -1.9291929E+001      5.8353285E+007      5.8355424E+007     -5.8357610E+007
     -1.9268880E+001      5.7023590E+007      5.7025778E+007     -5.7027905E+007
     -1.9245831E+001      5.5724192E+007      5.5726428E+007     -5.5728498E+007
     -1.9222782E+001      5.4454401E+007      5.4456685E+007     -5.4458698E+007
     -1.9199734E+001      5.3213543E+007      5.3215873E+007     -5.3217831E+007
     -1.9176685E+001      5.2000959E+007      5.2003333E+007     -5.2005238E+007
     -1.9153636E+001      5.0816004E+007      5.0818421E+007     -5.0820274E+007
     -1.9130587E+001      4.9658049E+007      4.9660508E+007     -4.9662309E+007
     -1.9107538E+001      4.8526478E+007      4.8528978E+007     -4.8530730E+007
     -1.9084489E+001      4.7420691E+007      4.7423231E+007     -4.7424933E+007
     -1.9061440E+001      4.6340099E+007      4.6342678E+007     -4.6344333E+007
     -1.9038391E+001      4.5284130E+007      4.5286746E+007     -4.5288354E+007
     -1.9015342E+001      4.4252221E+007      4.4254874E+007     -4.4256436E+007
     -1.8992293E+001      4.3243825E+007      4.3246513E+007     -4.3248031E+007
     -1.8969245E+001      4.2258405E+007      4.2261128E+007     -4.2262602E+007
     -1.8946196E+001      4.1295439E+007      4.1298196E+007     -4.1299627E+007
     -1.8923147E+001      4.0354415E+007      4.0357204E+007     -4.0358593E+007
     -1.8900098E+001      3.9434832E+007      3.9437653E+007     -3.9439001E+007
     -1.8877049E+001      3.8536203E+007      3.8539054E+007     -3.8540363E+007
     -1.8854000E+001      3.7658049E+007      3.7660930E+007     -3.7662200E+007
     -1.8830951E+001      3.6799904E+007      3.6802814E+007     -3.6804046E+007
     -1.8807902E+001      3.5961313E+007      3.5964251E+007     -3.5965446E+007
     -1.8784853E+001      3.5141830E+007      3.5144794E+007     -3.5145953E+007
     -1.8761804E+001      3.4341019E+007      3.4344010E+007     -3.4345133E+007
     -1.8738756E+001      3.3558454E+007      3.3561471E+007     -3.3562560E+007
     -1.8715707E+001      3.2793722E+007      3.2796763E+007     -3.2797817E+007
     -1.8692658E+001      3.2046413E+007      3.2049478E+007     -3.2050500E+007
     -1.8669609E+001      3.1316133E+007      3.1319221E+007     -3.1320211E+007
     -1.8646560E+001      3.0602493E+007      3.0605603E+007     -3.0606561E+007
     -1.8623511E+001      2.9905113E+007      2.9908246E+007     -2.9909172E+007
     -1.8600462E+001      2.9223624E+007      2.9226777E+007     -2.9227674E+007
     -1.8577413E+001      2.8557662E+007      2.8560836E+007     -2.8561703E+007
     -1.8554364E+001      2.7906875E+007      2.7910069E+007     -2.7910907E+007
     -1.8531315E+001      2.7270917E+007      2.7274129E+007     -2.7274940E+007
     -1.8508267E+001      2.6649449E+007      2.6652680E+007     -2.6653463E+007
     -1.8485218E+001      2.6042142E+007      2.6045391E+007     -2.6046147E+007
     -1.8462169E+001      2.5448673E+007      2.5451939E+007     -2.5452668E+007
     -1.8439120E+001      2.4868726E+007      2.4872008E+007     -2.4872712E+007
     -1.8416071E+001      2.4301994E+007      2.4305292E+007     -2.4305971E+007
     -1.8393022E+001      2.3748175E+007      2.3751489E+007     -2.3752143E+007
     -1.8369973E+001      2.3206976E+007      2.3210304E+007     -2.3210934E+007
     -1.8346924E+001      2.2678108E+007      2.2681450E+007     -2.2682057E+007
     -1.8323875E+001      2.2161290E+007      2.2164646E+007     -2.2165230E+007
     -1.8300826E+001      2.1656249E+007      2.1659618E+007     -2.1660180E+007
     -1.8277778E+001      2.1162715E+007      2.1166097E+007     -2.1166637E+007
     -1.8254729E+001      2.0680427E+007      2.0683821E+007     -2.0684340E+007
     -1.8231680E+001      2.0209128E+007      2.0212534E+007     -2.0213032E+007
     -1.8208631E+001      1.9748568E+007      1.9751985E+007     -1.9752463E+007
     -1.8185582E+001      1.9298502E+007      1.9301930E+007     -1.9302388E+007
     -1.8162533E+001      1.8858692E+007      1.8862130E+007     -1.8862568E+007
     -1.8139484E+001      1.8428903E+007      1.8432351E+007     -1.8432770E+007
     -1.8116435E+001      1.8008906E+007      1.8012364E+007     -1.8012764E+007
     -1.8093386E+001      1.7598480E+007      1.7601947E+007     -1.7602329E+007
     -1.8070337E+001      1.7197406E+007      1.7200881E+007     -1.7201246E+007
     -1.8047289E+001      1.6805470E+007      1.6808954E+007     -1.6809301E+007
     -1.8024240E+001      1.6422466E+007      1.6425957E+007     -1.6426287E+007
     -1.8001191E+001      1.6048188E+007      1.6051686E+007     -1.6052000E+007
     -1.7978142E+001      1.5682438E+007      1.5685944E+007     -1.5686241E+007
     -1.7955093E+001      1.5325022E+007      1.5328535E+007     -1.5328816E+007
     -1.7932044E+001      1.4975751E+007      1.4979270E+007     -1.4979536E+007
     -1.7908995E+001      1.4634438E+007      1.4637962E+007     -1.4638213E+007
     -1.7885946E+001      1.4300902E+007      1.4304432E+007     -1.4304668E+007
     -1.7862897E+001      1.3974966E+007      1.3978501E+007     -1.3978723E+007
     -1.7839848E+001      1.3656456E+007      1.3659997E+007     -1.3660204E+007
     -1.7816800E+001      1.3345204E+007      1.3348750E+007     -1.3348943E+007
     -1.7793751E+001      1.3041045E+007      1.3044594E+007     -1.3044775E+007
     -1.7770702E+001      1.2743816E+007      1.2747369E+007     -1.2747536E+007
     -1.7747653E+001      1.2453359E+007      1.2456917E+007     -1.2457071E+007
     -1.7724604E+001      1.2169521E+007      1.2173082E+007     -1.2173224E+007
     -1.7701555E+001      1.1892151E+007      1.1895715E+007     -1.1895844E+007
     -1.7678506E+001      1.1621101E+007      1.1624667E+007     -1.1624785E+007
     -1.7655457E+001      1.1356226E+007      1.1359796E+007     -1.1359901E+007
     -1.7632408E+001      1.1097388E+007      1.1100959E+007     -1.1101054E+007
     -1.7609359E+001      1.0844447E+007      1.0848020E+007     -1.0848104E+007
     -1.7586311E+001      1.0597270E+007      1.0600845E+007     -1.0600917E+007
     -1.7563262E+001      1.0355725E+007      1.0359302E+007     -1.0359363E+007
     -1.7540213E+001      1.0119684E+007      1.0123262E+007     -1.0123313E+007
     -1.7517164E+001      9.8890210E+006      9.8926001E+006     -9.8926410E+006
     -1.7494115E+001      9.6636143E+006      9.6671943E+006     -9.6672251E+006
     -1.7471066E+001      9.4433437E+006      9.4469243E+006     -9.4469454E+006
     -1.7448017E+001      9.2280923E+006      9.2316733E+006     -9.2316849E+006
     -1.7424968E+001      9.0177457E+006      9.0213268E+006     -9.0213291E+006
     -1.7401919E+001      8.8121921E+006      8.8157731E+006     -8.8157663E+006
     -1.7378870E+001      8.6113223E+006      8.6149031E+006     -8.6148873E+006
     -1.7355822E+001      8.4150296E+006      8.4186099E+006     -8.4185855E+006
     -1.7332773E+001      8.2232096E+006      8.2267893E+006     -8.2267564E+006
     -1.7309724E+001      8.0357606E+006      8.0393394E+006     -8.0392982E+006
     -1.7286675E+001      7.8525829E+006      7.8561606E+006     -7.8561113E+006
     -1.7263626E+001      7.6735791E+006      7.6771556E+006     -7.6770984E+006
     -1.7240577E+001      7.4986542E+006      7.5022293E+006     -7.5021643E+006
     -1.7217528E+001      7.3277152E+006      7.3312887E+006     -7.3312162E+006
     -1.7194479E+001      7.1606713E+006      7.1642431E+006     -7.1641632E+006
     -1.7171430E+001      6.9974338E+006      7.0010037E+006     -7.0009165E+006
     -1.7148381E+001      6.8379159E+006      6.8414837E+006     -6.8413894E+006
     -1.7125333E+001      6.6820329E+006      6.6855984E+006     -6.6854973E+006
     -1.7102284E+001      6.5297019E+006      6.5332650E+006     -6.5331571E+006
     -1.7079235E+001      6.3808420E+006      6.3844026E+006     -6.3842881E+006
     -1.7056186E+001      6.2353742E+006      6.2389320E+006     -6.2388111E+006
     -1.7033137E+001      6.0932211E+006      6.0967761E+006     -6.0966489E+006
     -1.7010088E+001      5.9543072E+006      5.9578592E+006     -5.9577258E+006
     -1.6987039E+001      5.8185587E+006      5.8221075E+006     -5.8219682E+006
     -1.6963990E+001      5.6859035E+006      5.6894491E+006     -5.6893039E+006
     -1.6940941E+001      5.5562711E+006      5.5598132E+006     -5.5596623E+006
     -1.6917892E+001      5.4295926E+006      5.4331312E+006     -5.4329747E+006
     -1.6894844E+001      5.3058008E+006      5.3093357E+006     -5.3091736E+006
     -1.6871795E+001      5.1848297E+006      5.1883608E+006     -5.1881935E+006
     -1.6848746E+001      5.0666153E+006      5.0701425E+006     -5.0699698E+006
     -1.6825697E+001      4.9510946E+006      4.9546177E+006     -4.9544400E+006
     -1.6802648E+001      4.8382063E+006      4.8417253E+006     -4.8415425E+006
     -1.6779599E+001      4.7278904E+006      4.7314051E+006     -4.7312175E+006
     -1.6756550E+001      4.6200883E+006      4.6235986E+006     -4.6234062E+006
     -1.6733501E+001      4.5147426E+006      4.5182485E+006     -4.5180514E+006
     -1.6710452E+001      4.4117976E+006      4.4152988E+006     -4.4150972E+006
     -1.6687403E+001      4.3111984E+006      4.3146949E+006     -4.3144889E+006
     -1.6664355E+001      4.2128915E+006      4.2163833E+006     -4.2161729E+006
     -1.6641306E+001      4.1168249E+006      4.1203117E+006     -4.1200970E+006
     -1.6618257E+001      4.0229473E+006      4.0264291E+006     -4.0262103E+006
     -1.6595208E+001      3.9312090E+006      3.9346857E+006     -3.9344629E+006
     -1.6572159E+001      3.8415612E+006      3.8450327E+006     -3.8448059E+006
     -1.6549110E+001      3.7539562E+006      3.7574225E+006     -3.7571918E+006
     -1.6526061E+001      3.6683475E+006      3.6718085E+006     -3.6715740E+006
     -1.6503012E+001      3.5846897E+006      3.5881452E+006     -3.5879070E+006
     -1.6479963E+001      3.5029383E+006      3.5063882E+006     -3.5061464E+006
     -1.6456914E+001      3.4230498E+006      3.4264941E+006     -3.4262488E+006
     -1.6433866E+001      3.3449818E+006      3.3484204E+006     -3.3481716E+006
     -1.6410817E+001      3.2686928E+006      3.2721256E+006     -3.2718734E+006
     -1.6387768E+001      3.1941422E+006      3.1975692E+006     -3.1973138E+006
     -1.6364719E+001      3.1212906E+006      3.1247116E+006     -3.1244530E+006
     -1.6341670E+001      3.0500991E+006      3.0535141E+006     -3.0532523E+006
     -1.6318621E+001      2.9805299E+006      2.9839389E+006     -2.9836740E+006
     -1.6295572E+001      2.9125461E+006      2.9159489E+006     -2.9156810E+006
     -1.6272523E+001      2.8461115E+006      2.8495081E+006     -2.8492373E+006
     -1.6249474E+001      2.7811909E+006      2.7845812E+006     -2.7843075E+006
     -1.6226425E+001      2.7177497E+006      2.7211337E+006     -2.7208572E+006
     -1.6203377E+001      2.6557543E+006      2.6591318E+006     -2.6588526E+006
     -1.6180328E+001      2.5951716E+006      2.5985427E+006     -2.5982608E+006
     -1.6157279E+001      2.5359695E+006      2.5393341E+006     -2.5390496E+006
     -1.6134230E+001      2.4781166E+006      2.4814746E+006     -2.4811875E+006
     -1.6111181E+001      2.4215821E+006      2.4249335E+006     -2.4246439E+006
     -1.6088132E+001      2.3663360E+006      2.3696806E+006     -2.3693886E+006
     -1.6065083E+001      2.3123489E+006      2.3156867E+006     -2.3153923E+006
     -1.6042034E+001      2.2595920E+006      2.2629231E+006     -2.2626263E+006
     -1.6018985E+001      2.2080375E+006      2.2113617E+006     -2.2110627E+006
     -1.5995936E+001      2.1576579E+006      2.1609752E+006     -2.1606739E+006
     -1.5972888E+001      2.1084264E+006      2.1117367E+006     -2.1114332E+006
     -1.5949839E+001      2.0603169E+006      2.0636201E+006     -2.0633145E+006
     -1.5926790E+001      2.0133037E+006      2.0165999E+006     -2.0162922E+006
     -1.5903741E+001      1.9673620E+006      1.9706511E+006     -1.9703414E+006
     -1.5880692E+001      1.9224673E+006      1.9257492E+006     -1.9254375E+006
     -1.5857643E+001      1.8785957E+006      1.8818704E+006     -1.8815568E+006
     -1.5834594E+001      1.8357240E+006      1.8389914E+006     -1.8386759E+006
     -1.5811545E+001      1.7938293E+006      1.7970894E+006     -1.7967721E+006
     -1.5788496E+001      1.7528894E+006      1.7561422E+006     -1.7558230E+006
     -1.5765447E+001      1.7128825E+006      1.7161279E+006     -1.7158070E+006
     -1.5742399E+001      1.6737875E+006      1.6770254E+006     -1.6767028E+006
     -1.5719350E+001      1.6355834E+006      1.6388139E+006     -1.6384896E+006
     -1.5696301E+001      1.5982500E+006      1.6014730E+006     -1.6011470E+006
     -1.5673252E+001      1.5617675E+006      1.5649830E+006     -1.5646554E+006
     -1.5650203E+001      1.5261164E+006      1.5293243E+006     -1.5289952E+006
     -1.5627154E+001      1.4912779E+006      1.4944782E+006     -1.4941475E+006
     -1.5604105E+001      1.4572334E+006      1.4604261E+006     -1.4600939E+006
     -1.5581056E+001      1.4239648E+006      1.4271498E+006     -1.4268162E+006
     -1.5558007E+001      1.3914545E+006      1.3946318E+006     -1.3942967E+006
     -1.5534958E+001      1.3596851E+006      1.3628547E+006     -1.3625182E+006
     -1.5511910E+001      1.3286399E+006      1.3318016E+006     -1.3314637E+006
     -1.5488861E+001      1.2983022E+006      1.3014561E+006     -1.3011169E+006
     -1.5465812E+001      1.2686559E+006      1.2718020E+006     -1.2714615E+006
     -1.5442763E+001      1.2396854E+006      1.2428236E+006     -1.2424818E+006
     -1.5419714E+001      1.2113752E+006      1.2145055E+006     -1.2141625E+006
     -1.5396665E+001      1.1837102E+006      1.1868326E+006     -1.1864884E+006
     -1.5373616E+001      1.1566758E+006      1.1597902E+006     -1.1594448E+006
     -1.5350567E+001      1.1302576E+006      1.1333641E+006     -1.1330175E+006
     -1.5327518E+001      1.1044416E+006      1.1075400E+006     -1.1071923E+006
     -1.5304469E+001      1.0792140E+006      1.0823044E+006     -1.0819555E+006
     -1.5281421E+001      1.0545614E+006      1.0576437E+006     -1.0572938E+006
     -1.5258372E+001      1.0304707E+006      1.0335450E+006     -1.0331940E+006
     -1.5235323E+001      1.0069292E+006      1.0099953E+006     -1.0096433E+006
     -1.5212274E+001      9.8392428E+005      9.8698227E+005     -9.8662927E+005
     -1.5189225E+001      9.6144374E+005      9.6449357E+005     -9.6413959E+005
     -1.5166176E+001      9.3947563E+005      9.4251728E+005     -9.4216233E+005
     -1.5143127E+001      9.1800828E+005      9.2104172E+005     -9.2068584E+005
     -1.5120078E+001      8.9703028E+005      9.0005550E+005     -8.9969870E+005
     -1.5097029E+001      8.7653048E+005      8.7954745E+005     -8.7918975E+005
     -1.5073980E+001      8.5649798E+005      8.5950668E+005     -8.5914811E+005
     -1.5050932E+001      8.3692213E+005      8.3992255E+005     -8.3956312E+005
     -1.5027883E+001      8.1779254E+005      8.2078465E+005     -8.2042439E+005
     -1.5004834E+001      7.9909903E+005      8.0208280E+005     -8.0172173E+005
     -1.4981785E+001      7.8083166E+005      7.8380709E+005     -7.8344522E+005
     -1.4958736E+001      7.6298072E+005      7.6594780E+005     -7.6558515E+005
     -1.4935687E+001      7.4553674E+005      7.4849543E+005     -7.4813203E+005
     -1.4912638E+001      7.2849043E+005      7.3144072E+005     -7.3107658E+005
     -1.4889589E+001      7.1183273E+005      7.1477461E+005     -7.1440974E+005
     -1.4866540E+001      6.9555479E+005      6.9848823E+005     -6.9812266E+005
     -1.4843491E+001      6.7964796E+005      6.8257295E+005     -6.8220669E+005
     -1.4820443E+001      6.6410378E+005      6.6702031E+005     -6.6665337E+005
     -1.4797394E+001      6.4891399E+005      6.5182203E+005     -6.5145444E+005
     -1.4774345E+001      6.3407050E+005      6.3697005E+005     -6.3660182E+005
     -1.4751296E+001      6.1956544E+005      6.2245648E+005     -6.2208762E+005
     -1.4728247E+001      6.0539109E+005      6.0827360E+005     -6.0790414E+005
     -1.4705198E+001      5.9153992E+005      5.9441388E+005     -5.9404382E+005
     -1.4682149E+001      5.7800455E+005      5.8086997E+005     -5.8049932E+005
     -1.4659100E+001      5.6477780E+005      5.6763465E+005     -5.6726344E+005
     -1.4636051E+001      5.5185264E+005      5.5470090E+005     -5.5432914E+005
     -1.4613002E+001      5.3922219E+005      5.4206185E+005     -5.4168955E+005
     -1.4589954E+001      5.2687973E+005      5.2971079E+005     -5.2933796E+005
     -1.4566905E+001      5.1481871E+005      5.1764115E+005     -5.1726781E+005
     -1.4543856E+001      5.0303271E+005      5.0584652E+005     -5.0547268E+005
     -1.4520807E+001      4.9151547E+005      4.9432063E+005     -4.9394630E+005
     -1.4497758E+001      4.8026085E+005      4.8305736E+005     -4.8268256E+005
     -1.4474709E+001      4.6926289E+005      4.7205073E+005     -4.7167546E+005
     -1.4451660E+001      4.5851573E+005      4.6129489E+005     -4.6091916E+005
     -1.4428611E+001      4.4801365E+005      4.5078412E+005     -4.5040796E+005
     -1.4405562E+001      4.3775107E+005      4.4051285E+005     -4.4013625E+005
     -1.4382513E+001      4.2772254E+005      4.3047560E+005     -4.3009859E+005
     -1.4359465E+001      4.1792272E+005      4.2066706E+005     -4.2028964E+005
     -1.4336416E+001      4.0834639E+005      4.1108201E+005     -4.1070418E+005
     -1.4313367E+001      3.9898848E+005      4.0171535E+005     -4.0133714E+005
     -1.4290318E+001      3.8984399E+005      3.9256212E+005     -3.9218353E+005
     -1.4267269E+001      3.8090808E+005      3.8361745E+005     -3.8323849E+005
     -1.4244220E+001      3.7217598E+005      3.7487658E+005     -3.7449726E+005
     -1.4221171E+001      3.6364305E+005      3.6633487E+005     -3.6595521E+005
     -1.4198122E+001      3.5530475E+005      3.5798779E+005     -3.5760779E+005
     -1.4175073E+001      3.4715665E+005      3.4983090E+005     -3.4945057E+005
     -1.4152024E+001      3.3919442E+005      3.4185987E+005     -3.4147921E+005
     -1.4128976E+001      3.3141382E+005      3.3407045E+005     -3.3368949E+005
     -1.4105927E+001      3.2381071E+005      3.2645853E+005     -3.2607725E+005
     -1.4082878E+001      3.1638104E+005      3.1902004E+005     -3.1863847E+005
     -1.4059829E+001      3.0912087E+005      3.1175103E+005     -3.1136918E+005
     -1.4036780E+001      3.0202634E+005      3.0464766E+005     -3.0426552E+005
     -1.4013731E+001      2.9509366E+005      2.9770613E+005     -2.9732373E+005
     -1.3990682E+001      2.8831915E+005      2.9092277E+005     -2.9054010E+005
     -1.3967633E+001      2.8169921E+005      2.8429397E+005     -2.8391104E+005
     -1.3944584E+001      2.7523032E+005      2.7781621E+005     -2.7743303E+005
     -1.3921535E+001      2.6890902E+005      2.7148604E+005     -2.7110263E+005
     -1.3898487E+001      2.6273197E+005      2.6530011E+005     -2.6491646E+005
     -1.3875438E+001      2.5669588E+005      2.5925513E+005     -2.5887125E+005
     -1.3852389E+001      2.5079752E+005      2.5334788E+005     -2.5296378E+005
     -1.3829340E+001      2.4503377E+005      2.4757523E+005     -2.4719092E+005
     -1.3806291E+001      2.3940155E+005      2.4193411E+005     -2.4154960E+005
     -1.3783242E+001      2.3389788E+005      2.3642152E+005     -2.3603681E+005
     -1.3760193E+001      2.2851981E+005      2.3103454E+005     -2.3064964E+005
     -1.3737144E+001      2.2326449E+005      2.2577030E+005     -2.2538521E+005
     -1.3714095E+001      2.1812913E+005      2.2062601E+005     -2.2024074E+005
     -1.3691046E+001      2.1311098E+005      2.1559893E+005     -2.1521349E+005
     -1.3667998E+001      2.0820738E+005      2.1068639E+005     -2.1030078E+005
     -1.3644949E+001      2.0341571E+005      2.0588579E+005     -2.0550002E+005
     -1.3621900E+001      1.9873344E+005      2.0119456E+005     -2.0080864E+005
     -1.3598851E+001      1.9415806E+005      1.9661023E+005     -1.9622416E+005
     -1.3575802E+001      1.8968713E+005      1.9213035E+005     -1.9174414E+005
     -1.3552753E+001      1.8531829E+005      1.8775255E+005     -1.8736620E+005
     -1.3529704E+001      1.8104920E+005      1.8347449E+005     -1.8308801E+005
     -1.3506655E+001      1.7687759E+005      1.7929391E+005     -1.7890730E+005
     -1.3483606E+001      1.7280123E+005      1.7520859E+005     -1.7482186E+005
     -1.3460558E+001      1.6881797E+005      1.7121634E+005     -1.7082950E+005
     -1.3437509E+001      1.6492567E+005      1.6731506E+005     -1.6692811E+005
     -1.3414460E+001      1.6112227E+005      1.6350267E+005     -1.6311562E+005
     -1.3391411E+001      1.5740573E+005      1.5977715E+005     -1.5939000E+005
     -1.3368362E+001      1.5377409E+005      1.5613651E+005     -1.5574927E+005
     -1.3345313E+001      1.5022540E+005      1.5257883E+005     -1.5219149E+005
     -1.3322264E+001      1.4675777E+005      1.4910220E+005     -1.4871478E+005
     -1.3299215E+001      1.4336936E+005      1.4570479E+005     -1.4531729E+005
     -1.3276166E+001      1.4005837E+005      1.4238479E+005     -1.4199722E+005
     -1.3253117E+001      1.3682302E+005      1.3914043E+005     -1.3875280E+005
     -1.3230069E+001      1.3366160E+005      1.3597000E+005     -1.3558230E+005
     -1.3207020E+001      1.3057242E+005      1.3287180E+005     -1.3248405E+005
     -1.3183971E+001      1.2755384E+005      1.2984420E+005     -1.2945639E+005
     -1.3160922E+001      1.2460424E+005      1.2688557E+005     -1.2649772E+005
     -1.3137873E+001      1.2172205E+005      1.2399436E+005     -1.2360647E+005
     -1.3114824E+001      1.1890574E+005      1.2116903E+005     -1.2078109E+005
     -1.3091775E+001      1.1615381E+005      1.1840807E+005     -1.1802010E+005
     -1.3068726E+001      1.1346479E+005      1.1571001E+005     -1.1532202E+005
     -1.3045677E+001      1.1083725E+005      1.1307343E+005     -1.1268541E+005
     -1.3022628E+001      1.0826978E+005      1.1049692E+005     -1.1010889E+005
     -1.2999580E+001      1.0576102E+005      1.0797912E+005     -1.0759107E+005
     -1.2976531E+001      1.0330963E+005      1.0551869E+005     -1.0513063E+005
     -1.2953482E+001      1.0091430E+005      1.0311431E+005     -1.0272625E+005
     -1.2930433E+001      9.8573755E+004      1.0076471E+005     -1.0037665E+005
     -1.2907384E+001      9.6286746E+004      9.8468653E+004     -9.8080599E+004
     -1.2884335E+001      9.4052053E+004      9.6224907E+004     -9.5836863E+004
     -1.2861286E+001      9.1868485E+004      9.4032282E+004     -9.3644254E+004
     -1.2838237E+001      8.9734875E+004      9.1889614E+004     -9.1501606E+004
     -1.2815188E+001      8.7650087E+004      8.9795766E+004     -8.9407782E+004
     -1.2792139E+001      8.5613007E+004      8.7749623E+004     -8.7361669E+004
     -1.2769091E+001      8.3622548E+004      8.5750100E+004     -8.5362180E+004
     -1.2746042E+001      8.1677648E+004      8.3796134E+004     -8.3408253E+004
     -1.2722993E+001      7.9777269E+004      8.1886686E+004     -8.1498850E+004
     -1.2699944E+001      7.7920396E+004      8.0020743E+004     -7.9632956E+004
     -1.2676895E+001      7.6106038E+004      7.8197313E+004     -7.7809580E+004
     -1.2653846E+001      7.4333227E+004      7.6415428E+004     -7.6027753E+004
     -1.2630797E+001      7.2601014E+004      7.4674140E+004     -7.4286529E+004
     -1.2607748E+001      7.0908476E+004      7.2972525E+004     -7.2584982E+004
     -1.2584699E+001      6.9254708E+004      7.1309679E+004     -7.0922209E+004
     -1.2561650E+001      6.7638827E+004      6.9684717E+004     -6.9297326E+004
     -1.2538602E+001      6.6059970E+004      6.8096778E+004     -6.7709470E+004
     -1.2515553E+001      6.4517292E+004      6.6545016E+004     -6.6157798E+004
     -1.2492504E+001      6.3009969E+004      6.5028609E+004     -6.4641484E+004
     -1.2469455E+001      6.1537196E+004      6.3546750E+004     -6.3159724E+004
     -1.2446406E+001      6.0098185E+004      6.2098652E+004     -6.1711729E+004
     -1.2423357E+001      5.8692168E+004      6.0683545E+004     -6.0296732E+004
     -1.2400308E+001      5.7318391E+004      5.9300678E+004     -5.8913980E+004
     -1.2377259E+001      5.5976121E+004      5.7949316E+004     -5.7562738E+004
     -1.2354210E+001      5.4664639E+004      5.6628742E+004     -5.6242289E+004
     -1.2331161E+001      5.3383244E+004      5.5338253E+004     -5.4951931E+004
     -1.2308113E+001      5.2131250E+004      5.4077164E+004     -5.3690979E+004
     -1.2285064E+001      5.0907987E+004      5.2844805E+004     -5.2458762E+004
     -1.2262015E+001      4.9712801E+004      5.1640521E+004     -5.1254626E+004
     -1.2238966E+001      4.8545051E+004      5.0463673E+004     -5.0077931E+004
     -1.2215917E+001      4.7404112E+004      4.9313635E+004     -4.8928053E+004
     -1.2192868E+001      4.6289374E+004      4.8189797E+004     -4.7804379E+004
     -1.2169819E+001      4.5200239E+004      4.7091560E+004     -4.6706314E+004
     -1.2146770E+001      4.4136123E+004      4.6018343E+004     -4.5633274E+004
     -1.2123721E+001      4.3096457E+004      4.4969574E+004     -4.4584688E+004
     -1.2100672E+001      4.2080684E+004      4.3944697E+004     -4.3560000E+004
     -1.2077624E+001      4.1088258E+004      4.2943166E+004     -4.2558665E+004
     -1.2054575E+001      4.0118648E+004      4.1964451E+004     -4.1580151E+004
     -1.2031526E+001      3.9171333E+004      4.1008030E+004     -4.0623939E+004
     -1.2008477E+001      3.8245806E+004      4.0073396E+004     -3.9689520E+004
     -1.1985428E+001      3.7341570E+004      3.9160053E+004     -3.8776398E+004
     -1.1962379E+001      3.6458139E+004      3.8267514E+004     -3.7884088E+004
     -1.1939330E+001      3.5595040E+004      3.7395307E+004     -3.7012116E+004
     -1.1916281E+001      3.4751810E+004      3.6542967E+004     -3.6160018E+004
     -1.1893232E+001      3.3927994E+004      3.5710042E+004     -3.5327342E+004
     -1.1870183E+001      3.3123151E+004      3.4896089E+004     -3.4513645E+004
     -1.1847135E+001      3.2336848E+004      3.4100676E+004     -3.3718495E+004
     -1.1824086E+001      3.1568663E+004      3.3323380E+004     -3.2941470E+004
     -1.1801037E+001      3.0818183E+004      3.2563788E+004     -3.2182157E+004
     -1.1777988E+001      3.0085004E+004      3.1821497E+004     -3.1440152E+004
     -1.1754939E+001      2.9368731E+004      3.1096113E+004     -3.0715061E+004
     -1.1731890E+001      2.8668980E+004      3.0387249E+004     -3.0006499E+004
     -1.1708841E+001      2.7985374E+004      2.9694531E+004     -2.9314090E+004
     -1.1685792E+001      2.7317544E+004      2.9017588E+004     -2.8637465E+004
     -1.1662743E+001      2.6665131E+004      2.8356063E+004     -2.7976265E+004
     -1.1639694E+001      2.6027784E+004      2.7709602E+004     -2.7330139E+004
     -1.1616646E+001      2.5405159E+004      2.7077864E+004     -2.6698744E+004
     -1.1593597E+001      2.4796920E+004      2.6460513E+004     -2.6081743E+004
     -1.1570548E+001      2.4202739E+004      2.5857220E+004     -2.5478810E+004
     -1.1547499E+001      2.3622297E+004      2.5267664E+004     -2.4889624E+004
     -1.1524450E+001      2.3055279E+004      2.4691534E+004     -2.4313872E+004
     -1.1501401E+001      2.2501380E+004      2.4128522E+004     -2.3751247E+004
     -1.1478352E+001      2.1960301E+004      2.3578330E+004     -2.3201452E+004
     -1.1455303E+001      2.1431748E+004      2.3040665E+004     -2.2664194E+004
     -1.1432254E+001      2.0915437E+004      2.2515243E+004     -2.2139187E+004
     -1.1409205E+001      2.0411088E+004      2.2001782E+004     -2.1626153E+004
     -1.1386157E+001      1.9918429E+004      2.1500012E+004     -2.1124819E+004
     -1.1363108E+001      1.9437193E+004      2.1009665E+004     -2.0634918E+004
     -1.1340059E+001      1.8967119E+004      2.0530481E+004     -2.0156191E+004
     -1.1317010E+001      1.8507953E+004      2.0062205E+004     -1.9688382E+004
     -1.1293961E+001      1.8059446E+004      1.9604589E+004     -1.9231244E+004
     -1.1270912E+001      1.7621355E+004      1.9157390E+004     -1.8784534E+004
     -1.1247863E+001      1.7193442E+004      1.8720369E+004     -1.8348013E+004
     -1.1224814E+001      1.6775475E+004      1.8293296E+004     -1.7921451E+004
     -1.1201765E+001      1.6367228E+004      1.7875942E+004     -1.7504621E+004
     -1.1178716E+001      1.5968478E+004      1.7468087E+004     -1.7097300E+004
     -1.1155668E+001      1.5579008E+004      1.7069514E+004     -1.6699273E+004
     -1.1132619E+001      1.5198608E+004      1.6680011E+004     -1.6310329E+004
     -1.1109570E+001      1.4827070E+004      1.6299371E+004     -1.5930259E+004
     -1.1086521E+001      1.4464191E+004      1.5927392E+004     -1.5558864E+004
     -1.1063472E+001      1.4109775E+004      1.5563876E+004     -1.5195944E+004
     -1.1040423E+001      1.3763628E+004      1.5208631E+004     -1.4841308E+004
     -1.1017374E+001      1.3425561E+004      1.4861468E+004     -1.4494767E+004
     -1.0994325E+001      1.3095391E+004      1.4522202E+004     -1.4156136E+004
     -1.0971276E+001      1.2772935E+004      1.4190653E+004     -1.3825236E+004
     -1.0948227E+001      1.2458020E+004      1.3866646E+004     -1.3501891E+004
     -1.0925179E+001      1.2150471E+004      1.3550007E+004     -1.3185929E+004
     -1.0902130E+001      1.1850122E+004      1.3240570E+004     -1.2877183E+004
     -1.0879081E+001      1.1556807E+004      1.2938169E+004     -1.2575487E+004
     -1.0856032E+001      1.1270367E+004      1.2642645E+004     -1.2280682E+004
     -1.0832983E+001      1.0990643E+004      1.2353840E+004     -1.1992612E+004
     -1.0809934E+001      1.0717483E+004      1.2071600E+004     -1.1711122E+004
     -1.0786885E+001      1.0450737E+004      1.1795777E+004     -1.1436063E+004
     -1.0763836E+001      1.0190257E+004      1.1526223E+004     -1.1167290E+004
     -1.0740787E+001      9.9359020E+003      1.1262796E+004     -1.0904659E+004
     -1.0717738E+001      9.6875305E+003      1.1005356E+004     -1.0648031E+004
     -1.0694690E+001      9.4450061E+003      1.0753766E+004     -1.0397269E+004
     -1.0671641E+001      9.2081952E+003      1.0507892E+004     -1.0152240E+004
     -1.0648592E+001      8.9769671E+003      1.0267605E+004     -9.9128141E+003
     -1.0625543E+001      8.7511942E+003      1.0032776E+004     -9.6788634E+003
     -1.0602494E+001      8.5307517E+003      9.8032806E+003     -9.4502637E+003
     -1.0579445E+001      8.3155177E+003      9.5789977E+003     -9.2268936E+003
     -1.0556396E+001      8.1053729E+003      9.3598080E+003     -9.0086343E+003
     -1.0533347E+001      7.9002011E+003      9.1455953E+003     -8.7953697E+003
     -1.0510298E+001      7.6998882E+003      8.9362458E+003     -8.5869864E+003
     -1.0487249E+001      7.5043232E+003      8.7316485E+003     -8.3833737E+003
     -1.0464201E+001      7.3133973E+003      8.5316949E+003     -8.1844231E+003
     -1.0441152E+001      7.1270043E+003      8.3362790E+003     -7.9900290E+003
     -1.0418103E+001      6.9450404E+003      8.1452972E+003     -7.8000879E+003
     -1.0395054E+001      6.7674040E+003      7.9586481E+003     -7.6144988E+003
     -1.0372005E+001      6.5939961E+003      7.7762330E+003     -7.4331630E+003
     -1.0348956E+001      6.4247196E+003      7.5979549E+003     -7.2559839E+003
     -1.0325907E+001      6.2594800E+003      7.4237196E+003     -7.0828674E+003
     -1.0302858E+001      6.0981845E+003      7.2534346E+003     -6.9137212E+003
     -1.0279809E+001      5.9407428E+003      7.0870097E+003     -6.7484555E+003
     -1.0256760E+001      5.7870664E+003      6.9243568E+003     -6.5869822E+003
     -1.0233712E+001      5.6370689E+003      6.7653897E+003     -6.4292154E+003
     -1.0210663E+001      5.4906659E+003      6.6100243E+003     -6.2750711E+003
     -1.0187614E+001      5.3477748E+003      6.4581782E+003     -6.1244673E+003
     -1.0164565E+001      5.2083149E+003      6.3097711E+003     -5.9773237E+003
     -1.0141516E+001      5.0722073E+003      6.1647244E+003     -5.8335620E+003
     -1.0118467E+001      4.9393751E+003      6.0229614E+003     -5.6931056E+003
     -1.0095418E+001      4.8097429E+003      5.8844071E+003     -5.5558797E+003
     -1.0072369E+001      4.6832370E+003      5.7489883E+003     -5.4218112E+003
     -1.0049320E+001      4.5597856E+003      5.6166332E+003     -5.2908287E+003
     -1.0026271E+001      4.4393183E+003      5.4872720E+003     -5.1628623E+003
     -1.0003223E+001      4.3217663E+003      5.3608363E+003     -5.0378438E+003
     -9.9801736E+000      4.2070626E+003      5.2372593E+003     -4.9157066E+003
     -9.9571247E+000      4.0951414E+003      5.1164756E+003     -4.7963855E+003
     -9.9340758E+000      3.9859387E+003      4.9984217E+003     -4.6798169E+003
     -9.9110269E+000      3.8793915E+003      4.8830350E+003     -4.5659385E+003
     -9.8879780E+000      3.7754387E+003      4.7702548E+003     -4.4546897E+003
     -9.8649291E+000      3.6740204E+003      4.6600216E+003     -4.3460109E+003
     -9.8418802E+000      3.5750779E+003      4.5522772E+003     -4.2398442E+003
     -9.8188313E+000      3.4785540E+003      4.4469648E+003     -4.1361329E+003
     -9.7957824E+000      3.3843928E+003      4.3440291E+003     -4.0348216E+003
     -9.7727335E+000      3.2925396E+003      4.2434157E+003     -3.9358560E+003
     -9.7496846E+000      3.2029409E+003      4.1450717E+003     -3.8391833E+003
     -9.7266357E+000      3.1155445E+003      4.0489454E+003     -3.7447517E+003
     -9.7035868E+000      3.0302993E+003      3.9549863E+003     -3.6525108E+003
     -9.6805379E+000      2.9471553E+003      3.8631449E+003     -3.5624112E+003
     -9.6574890E+000      2.8660639E+003      3.7733729E+003     -3.4744045E+003
     -9.6344401E+000      2.7869772E+003      3.6856234E+003     -3.3884437E+003
     -9.6113912E+000      2.7098487E+003      3.5998502E+003     -3.3044826E+003
     -9.5883423E+000      2.6346328E+003      3.5160083E+003     -3.2224762E+003
     -9.5652934E+000      2.5612850E+003      3.4340539E+003     -3.1423806E+003
     -9.5422445E+000      2.4897616E+003      3.3539439E+003     -3.0641527E+003
     -9.5191956E+000      2.4200202E+003      3.2756365E+003     -2.9877504E+003
     -9.4961467E+000      2.3520192E+003      3.1990907E+003     -2.9131327E+003
     -9.4730978E+000      2.2857178E+003      3.1242664E+003     -2.8402595E+003
     -9.4500489E+000      2.2210764E+003      3.0511247E+003     -2.7690915E+003
     -9.4270000E+000      2.1580560E+003      2.9796273E+003     -2.6995904E+003
     -9.4039511E+000      2.0966187E+003      2.9097370E+003     -2.6317187E+003
     -9.3809022E+000      2.0367273E+003      2.8414173E+003     -2.5654399E+003
     -9.3578533E+000      1.9783456E+003      2.7746326E+003     -2.5007180E+003
     -9.3348044E+000      1.9214380E+003      2.7093483E+003     -2.4375181E+003
     -9.3117555E+000      1.8659699E+003      2.6455304E+003     -2.3758061E+003
     -9.2887066E+000      1.8119074E+003      2.5831457E+003     -2.3155485E+003
     -9.2656577E+000      1.7592173E+003      2.5221619E+003     -2.2567126E+003
     -9.2426088E+000      1.7078673E+003      2.4625473E+003     -2.1992666E+003
     -9.2195599E+000      1.6578255E+003      2.4042712E+003     -2.1431792E+003
     -9.1965110E+000      1.6090612E+003      2.3473033E+003     -2.0884199E+003
     -9.1734621E+000      1.5615440E+003      2.2916142E+003     -2.0349589E+003
     -9.1504132E+000      1.5152443E+003      2.2371752E+003     -1.9827671E+003
     -9.1273643E+000      1.4701333E+003      2.1839581E+003     -1.9318160E+003
     -9.1043154E+000      1.4261825E+003      2.1319356E+003     -1.8820777E+003
     -9.0812665E+000      1.3833645E+003      2.0810809E+003     -1.8335250E+003
     -9.0582176E+000      1.3416522E+003      2.0313678E+003     -1.7861313E+003
     -9.0351687E+000      1.3010191E+003      1.9827708E+003     -1.7398705E+003
     -9.0121198E+000      1.2614395E+003      1.9352650E+003     -1.6947173E+003
     -8.9890709E+000      1.2228880E+003      1.8888259E+003     -1.6506468E+003
     -8.9660220E+000      1.1853401E+003      1.8434300E+003     -1.6076346E+003
     -8.9429731E+000      1.1487717E+003      1.7990539E+003     -1.5656569E+003
     -8.9199242E+000      1.1131590E+003      1.7556749E+003     -1.5246907E+003
     -8.8968753E+000      1.0784792E+003      1.7132710E+003     -1.4847130E+003
     -8.8738264E+000      1.0447096E+003      1.6718205E+003     -1.4457016E+003
     -8.8507775E+000      1.0118283E+003      1.6313023E+003     -1.4076350E+003
     -8.8277286E+000      9.7981364E+002      1.5916959E+003     -1.3704917E+003
     -8.8046797E+000      9.4864469E+002      1.5529811E+003     -1.3342510E+003
     -8.7816308E+000      9.1830083E+002      1.5151382E+003     -1.2988926E+003
     -8.7585819E+000      8.8876197E+002      1.4781480E+003     -1.2643967E+003
     -8.7355330E+000      8.6000845E+002      1.4419919E+003     -1.2307436E+003
     -8.7124841E+000      8.3202106E+002      1.4066516E+003     -1.1979146E+003
     -8.6894352E+000      8.0478103E+002      1.3721091E+003     -1.1658909E+003
     -8.6663863E+000      7.7827001E+002      1.3383471E+003     -1.1346544E+003
     -8.6433374E+000      7.5247005E+002      1.3053484E+003     -1.1041873E+003
     -8.6202885E+000      7.2736363E+002      1.2730965E+003     -1.0744721E+003
     -8.5972396E+000      7.0293361E+002      1.2415751E+003     -1.0454919E+003
     -8.5741907E+000      6.7916324E+002      1.2107684E+003     -1.0172300E+003
     -8.5511418E+000      6.5603615E+002      1.1806607E+003     -9.8967007E+002
     -8.5280929E+000      6.3353635E+002      1.1512371E+003     -9.6279623E+002
     -8.5050440E+000      6.1164821E+002      1.1224826E+003     -9.3659287E+002
     -8.4819951E+000      5.9035645E+002      1.0943830E+003     -9.1104471E+002
     -8.4589462E+000      5.6964613E+002      1.0669239E+003     -8.8613684E+002
     -8.4358973E+000      5.4950268E+002      1.0400917E+003     -8.6185464E+002
     -8.4128484E+000      5.2991184E+002      1.0138729E+003     -8.3818383E+002
     -8.3897995E+000      5.1085966E+002      9.8825430E+002     -8.1511041E+002
     -8.3667506E+000      4.9233255E+002      9.6322304E+002     -7.9262071E+002
     -8.3437017E+000      4.7431721E+002      9.3876655E+002     -7.7070132E+002
     -8.3206528E+000      4.5680064E+002      9.1487255E+002     -7.4933915E+002
     -8.2976039E+000      4.3977014E+002      8.9152903E+002     -7.2852137E+002
     -8.2745550E+000      4.2321332E+002      8.6872424E+002     -7.0823542E+002
     -8.2515061E+000      4.0711806E+002      8.4644671E+002     -6.8846902E+002
     -8.2284572E+000      3.9147251E+002      8.2468522E+002     -6.6921014E+002
     -8.2054083E+000      3.7626513E+002      8.0342880E+002     -6.5044702E+002
     -8.1823594E+000      3.6148462E+002      7.8266671E+002     -6.3216814E+002
     -8.1593105E+000      3.4711994E+002      7.6238846E+002     -6.1436223E+002
     -8.1362616E+000      3.3316032E+002      7.4258378E+002     -5.9701826E+002
     -8.1132127E+000      3.1959524E+002      7.2324264E+002     -5.8012541E+002
     -8.0901638E+000      3.0641443E+002      7.0435521E+002     -5.6367313E+002
     -8.0671149E+000      2.9360785E+002      6.8591187E+002     -5.4765107E+002
     -8.0440660E+000      2.8116569E+002      6.6790322E+002     -5.3204910E+002
     -8.0210171E+000      2.6907840E+002      6.5032006E+002     -5.1685730E+002
     -7.9979682E+000      2.5733663E+002      6.3315337E+002     -5.0206597E+002
     -7.9749193E+000      2.4593126E+002      6.1639432E+002     -4.8766562E+002
     -7.9518704E+000      2.3485339E+002      6.0003431E+002     -4.7364695E+002
     -7.9288215E+000      2.2409432E+002      5.8406478E+002     -4.6000086E+002
     -7.9057726E+000      2.1364557E+002      5.6847769E+002     -4.4671844E+002
     -7.8827237E+000      2.0349885E+002      5.5326473E+002     -4.3379098E+002
     -7.8596748E+000      1.9364610E+002      5.3841787E+002     -4.2120994E+002
     -7.8366259E+000      1.8407941E+002      5.2392955E+002     -4.0896697E+002
     -7.8135770E+000      1.7479108E+002      5.0979205E+002     -3.9705389E+002
     -7.7905281E+000      1.6577362E+002      4.9599800E+002     -3.8546272E+002
     -7.7674792E+000      1.5701969E+002      4.8254011E+002     -3.7418560E+002
     -7.7444303E+000      1.4852213E+002      4.6941131E+002     -3.6321489E+002
     -7.7213814E+000      1.4027398E+002      4.5660481E+002     -3.5254306E+002
     -7.6983325E+000      1.3226844E+002      4.4411411E+002     -3.4216277E+002
     -7.6752836E+000      1.2449885E+002      4.3193320E+002     -3.3206681E+002
     -7.6522347E+000      1.1695876E+002      4.2005693E+002     -3.2224809E+002
     -7.6291858E+000      1.0964185E+002      4.0848151E+002     -3.1269964E+002
     -7.6061369E+000      1.0254197E+002      3.9720618E+002     -3.0341453E+002
     -7.5830880E+000      9.5653133E+001      3.8623474E+002     -2.9438580E+002
     -7.5600391E+000      8.8969515E+001      3.7558470E+002     -2.8560625E+002
     -7.5369902E+000      8.2485458E+001      3.6528650E+002     -2.7706808E+002
     -7.5139413E+000      7.6195501E+001      3.5544857E+002     -2.6876207E+002
     -7.4908924E+000      7.0094427E+001      3.4617737E+002     -2.6067590E+002
     -7.4678435E+000      6.4177368E+001      3.3811987E+002     -2.5279050E+002
     -7.4447946E+000      5.8440052E+001      3.3137616E+002     -2.4507214E+002
     -7.4217457E+000      5.2879271E+001      3.3018365E+002     -2.3745489E+002
     -7.3986968E+000      4.7494177E+001      3.3209882E+002     -2.2980193E+002
     -7.3756479E+000      4.2288166E+001      3.6400490E+002     -2.2182110E+002
     -7.3525990E+000      3.7276379E+001      4.0546686E+002     -2.1289108E+002
     -7.3295501E+000      3.2483435E+001      4.8575887E+002     -2.0269199E+002
     -7.3065012E+000      2.7951675E+001      6.0132750E+002     -1.9011675E+002
     -7.2834523E+000      2.3737386E+001      6.9446723E+002     -1.7520415E+002
     -7.2604034E+000      1.9890042E+001      7.6512335E+002     -1.5837317E+002
     -7.2373545E+000      1.6445710E+001      7.9667369E+002     -1.4037610E+002
     -7.2143056E+000      1.3421387E+001      7.9181230E+002     -1.2206815E+002
     -7.1912567E+000      1.0814960E+001      7.5581527E+002     -1.0423274E+002
     -7.1682078E+000      8.6080912E+000      6.9757475E+002     -8.7483267E+001
     -7.1451589E+000      6.7705958E+000      6.2561781E+002     -7.2234452E+001
     -7.1221100E+000      5.2648926E+000      5.4724066E+002     -5.8718121E+001
     -7.0990611E+000      4.0498392E+000      4.6804172E+002     -4.7017742E+001
     -7.0760122E+000      3.0837197E+000      3.9207299E+002     -3.7105547E+001
     -7.0529633E+000      2.3264182E+000      3.2207192E+002     -2.8875544E+001
     -7.0299144E+000      1.7408932E+000      2.5969722E+002     -2.2171075E+001
     -7.0068655E+000      1.2940772E+000      2.0573019E+002     -1.6807356E+001
     -6.9838166E+000      9.5730817E-001      1.6026106E+002     -1.2589562E+001
     -6.9607677E+000      7.0639333E-001      1.2286961E+002     -9.3266695E+000
     -6.9377188E+000      5.2140126E-001      9.2797411E+001     -6.8412402E+000
     -6.9146699E+000      3.8627253E-001      6.9101302E+001     -4.9754473E+000
     -6.8916210E+000      2.8832971E-001      5.0777990E+001     -3.5938955E+000
     -6.8685721E+000      2.1775238E-001      3.6854735E+001     -2.5839621E+000
     -6.8455232E+000      1.6706546E-001      2.6447023E+001     -1.8544273E+000
     -6.8224743E+000      1.3067197E-001      1.8788168E+001     -1.3330994E+000
     -6.7994254E+000      1.0444639E-001      1.3237694E+001     -9.6400323E-001
     -6.7763765E+000      8.5394005E-002      9.2755386E+000     -7.0453708E-001
     -6.7533277E+000      7.1373303E-002      6.4884362E+000     -5.2285497E-001
     -6.7302788E+000      6.0875070E-002      4.5537625E+000     -3.9559102E-001
     -6.7072299E+000      5.2849625E-002      3.2243656E+000     -3.0594550E-001
     -6.6841810E+000      4.6574367E-002      2.3155459E+000     -2.4209562E-001
     -6.6611321E+000      4.1554642E-002      1.6935211E+000     -1.9588912E-001
     -6.6380832E+000      3.7451696E-002      1.2645641E+000     -1.6179573E-001
     -6.6150343E+000      3.4032001E-002      9.6489934E-001     -1.3610022E-001
     -6.5919854E+000      3.1132594E-002      7.5202110E-001     -1.1631219E-001
     -6.5689365E+000      2.8637903E-002      5.9790332E-001     -1.0075409E-001
     -6.5458876E+000      2.6464418E-002      4.8409943E-001     -8.8283970E-002
     -6.5228387E+000      2.4550601E-002      3.9840247E-001     -7.8113208E-002
     -6.4997898E+000      2.2850201E-002      3.3264974E-001     -6.9687962E-002
     -6.4767409E+000      2.1327799E-002      2.8130759E-001     -6.2612261E-002
     -6.4536920E+000      1.9955780E-002      2.4056574E-001     -5.6597838E-002
     -6.4306431E+000      1.8712264E-002      2.0775696E-001     -5.1431083E-002
     -6.4075942E+000      1.7579654E-002      1.8098278E-001     -4.6951015E-002
     -6.3845453E+000      1.6543604E-002      1.5886958E-001     -4.3034364E-002
     -6.3614964E+000      1.5592277E-002      1.4040762E-001     -3.9585330E-002
     -6.3384475E+000      1.4715799E-002      1.2484336E-001     -3.6528438E-002
     -6.3153986E+000      1.3905849E-002      1.1160638E-001     -3.3803470E-002
     -6.2923497E+000      1.3155359E-002      1.0025910E-001     -3.1361826E-002
     -6.2693008E+000      1.2458268E-002      9.0461621E-002     -2.9163866E-002
     -6.2462519E+000      1.1809349E-002      8.1946889E-002     -2.7176947E-002
     -6.2232030E+000      1.1204059E-002      7.4502801E-002     -2.5373946E-002
     -6.2001541E+000      1.0638428E-002      6.7959234E-002     -2.3732145E-002
     -6.1771052E+000      1.0108968E-002      6.2178478E-002     -2.2232377E-002
     -6.1540563E+000      9.6125988E-003      5.7048114E-002     -2.0858353E-002
     -6.1310074E+000      9.1465856E-003      5.2475645E-002     -1.9596151E-002
     -6.1079585E+000      8.7084927E-003      4.8384410E-002     -1.8433792E-002
     -6.0849096E+000      8.2961411E-003      4.4710439E-002     -1.7360924E-002
     -6.0618607E+000      7.9075742E-003      4.1400018E-002     -1.6368548E-002
     -6.0388118E+000      7.5410293E-003      3.8407776E-002     -1.5448806E-002
     -6.0157629E+000      7.1949133E-003      3.5695177E-002     -1.4594809E-002
     -5.9927140E+000      6.8677824E-003      3.3229326E-002     -1.3800492E-002
     -5.9696651E+000      6.5583239E-003      3.0982000E-002     -1.3060491E-002
     -5.9466162E+000      6.2653418E-003      2.8928882E-002     -1.2370051E-002
     -5.9235673E+000      5.9877436E-003      2.7048924E-002     -1.1724937E-002
     -5.9005184E+000      5.7245289E-003      2.5323837E-002     -1.1121370E-002
     -5.8774695E+000      5.4747799E-003      2.3737667E-002     -1.0555962E-002
     -5.8544206E+000      5.2376525E-003      2.2276451E-002     -1.0025675E-002
     -5.8313717E+000      5.0123696E-003      2.0927918E-002     -9.5277681E-003
     -5.8083228E+000      4.7982137E-003      1.9681258E-002     -9.0597695E-003
     -5.7852739E+000      4.5945216E-003      1.8526913E-002     -8.6194412E-003
     -5.7622250E+000      4.4006795E-003      1.7456408E-002     -8.2047531E-003
     -5.7391761E+000      4.2161178E-003      1.6462209E-002     -7.8138596E-003
     -5.7161272E+000      4.0403079E-003      1.5537600E-002     -7.4450793E-003
     -5.6930783E+000      3.8727579E-003      1.4676578E-002     -7.0968775E-003
     -5.6700294E+000      3.7130101E-003      1.3873763E-002     -6.7678504E-003
     -5.6469805E+000      3.5606375E-003      1.3124327E-002     -6.4567123E-003
     -5.6239316E+000      3.4152416E-003      1.2423923E-002     -6.1622827E-003
     -5.6008827E+000      3.2764498E-003      1.1768630E-002     -5.8834768E-003
     -5.5778338E+000      3.1439139E-003      1.1154905E-002     -5.6192956E-003
     -5.5547849E+000      3.0173074E-003      1.0579540E-002     -5.3688180E-003
     -5.5317360E+000      2.8963245E-003      1.0039623E-002     -5.1311935E-003
     -5.5086871E+000      2.7806780E-003      9.5325093E-003     -4.9056354E-003
     -5.4856382E+000      2.6700984E-003      9.0557895E-003     -4.6914154E-003
     -5.4625893E+000      2.5643321E-003      8.6072670E-003     -4.4878584E-003
     -5.4395404E+000      2.4631409E-003      8.1849350E-003     -4.2943375E-003
     -5.4164915E+000      2.3663000E-003      7.7869577E-003     -4.1102702E-003
     -5.3934426E+000      2.2735980E-003      7.4116529E-003     -3.9351146E-003
     -5.3703937E+000      2.1848353E-003      7.0574771E-003     -3.7683658E-003
     -5.3473448E+000      2.0998237E-003      6.7230124E-003     -3.6095532E-003
     -5.3242959E+000      2.0183853E-003      6.4069537E-003     -3.4582376E-003
     -5.3012470E+000      1.9403521E-003      6.1080991E-003     -3.3140084E-003
     -5.2781981E+000      1.8655653E-003      5.8253398E-003     -3.1764821E-003
     -5.2551492E+000      1.7938745E-003      5.5576518E-003     -3.0452994E-003
     -5.2321003E+000      1.7251375E-003      5.3040883E-003     -2.9201238E-003
     -5.2090514E+000      1.6592195E-003      5.0637729E-003     -2.8006399E-003
     -5.1860025E+000      1.5959927E-003      4.8358936E-003     -2.6865517E-003
     -5.1629536E+000      1.5353361E-003      4.6196969E-003     -2.5775812E-003
     -5.1399047E+000      1.4771346E-003      4.4144834E-003     -2.4734672E-003
     -5.1168558E+000      1.4212793E-003      4.2196028E-003     -2.3739641E-003
     -5.0938069E+000      1.3676664E-003      4.0344501E-003     -2.2788407E-003
     -5.0707580E+000      1.3161977E-003      3.8584620E-003     -2.1878792E-003
     -5.0477091E+000      1.2667796E-003      3.6911133E-003     -2.1008745E-003
     -5.0246602E+000      1.2193231E-003      3.5319141E-003     -2.0176331E-003
     -5.0016113E+000      1.1737437E-003      3.3804069E-003     -1.9379724E-003
     -4.9785624E+000      1.1299607E-003      3.2361643E-003     -1.8617201E-003
     -4.9555135E+000      1.0878975E-003      3.0987866E-003     -1.7887132E-003
     -4.9324646E+000      1.0474812E-003      2.9678994E-003     -1.7187980E-003
     -4.9094157E+000      1.0086421E-003      2.8431523E-003     -1.6518288E-003
     -4.8863668E+000      9.7131395E-004      2.7242168E-003     -1.5876680E-003
     -4.8633179E+000      9.3543353E-004      2.6107846E-003     -1.5261850E-003
     -4.8402690E+000      9.0094055E-004      2.5025666E-003     -1.4672564E-003
     -4.8172201E+000      8.6777751E-004      2.3992910E-003     -1.4107652E-003
     -4.7941712E+000      8.3588951E-004      2.3007025E-003     -1.3566004E-003
     -4.7711223E+000      8.0522415E-004      2.2065607E-003     -1.3046567E-003
     -4.7480734E+000      7.7573141E-004      2.1166397E-003     -1.2548341E-003
     -4.7250245E+000      7.4736349E-004      2.0307266E-003     -1.2070380E-003
     -4.7019756E+000      7.2007474E-004      1.9486209E-003     -1.1611782E-003
     -4.6789267E+000      6.9382151E-004      1.8701334E-003     -1.1171692E-003
     -4.6558778E+000      6.6856210E-004      1.7950859E-003     -1.0749296E-003
     -4.6328289E+000      6.4425663E-004      1.7233099E-003     -1.0343820E-003
     -4.6097800E+000      6.2086694E-004      1.6546465E-003     -9.9545289E-004
     -4.5867311E+000      5.9835654E-004      1.5889456E-003     -9.5807227E-004
     -4.5636822E+000      5.7669053E-004      1.5260652E-003     -9.2217349E-004
     -4.5406333E+000      5.5583548E-004      1.4658711E-003     -8.8769306E-004
     -4.5175844E+000      5.3575940E-004      1.4082362E-003     -8.5457056E-004
     -4.4945355E+000      5.1643166E-004      1.3530404E-003     -8.2274836E-004
     -4.4714866E+000      4.9782294E-004      1.3001698E-003     -7.9217157E-004
     -4.4484377E+000      4.7990513E-004      1.2495165E-003     -7.6278784E-004
     -4.4253888E+000      4.6265132E-004      1.2009782E-003     -7.3454724E-004
     -4.4023399E+000      4.4603570E-004      1.1544582E-003     -7.0740213E-004
     -4.3792910E+000      4.3003357E-004      1.1098642E-003     -6.8130706E-004
     -4.3562421E+000      4.1462122E-004      1.0671092E-003     -6.5621863E-004
     -4.3331932E+000      3.9977592E-004      1.0261102E-003     -6.3209543E-004
     -4.3101443E+000      3.8547590E-004      9.8678864E-004     -6.0889788E-004
     -4.2870954E+000      3.7170025E-004      9.4906965E-004     -5.8658818E-004
     -4.2640465E+000      3.5842893E-004      9.1288222E-004     -5.6513020E-004
     -4.2409976E+000      3.4564271E-004      8.7815881E-004     -5.4448944E-004
     -4.2179487E+000      3.3332314E-004      8.4483518E-004     -5.2463288E-004
     -4.1948998E+000      3.2145251E-004      8.1285021E-004     -5.0552897E-004
     -4.1718509E+000      3.1001381E-004      7.8214573E-004     -4.8714752E-004
     -4.1488020E+000      2.9899075E-004      7.5266637E-004     -4.6945965E-004
     -4.1257531E+000      2.8836764E-004      7.2435941E-004     -4.5243774E-004
     -4.1027042E+000      2.7812945E-004      6.9717462E-004     -4.3605535E-004
     -4.0796553E+000      2.6826173E-004      6.7106412E-004     -4.2028715E-004
     -4.0566064E+000      2.5875061E-004      6.4598231E-004     -4.0510891E-004
     -4.0335575E+000      2.4958275E-004      6.2188570E-004     -3.9049743E-004
     -4.0105086E+000      2.4074535E-004      5.9873280E-004     -3.7643047E-004
     -3.9874597E+000      2.3222611E-004      5.7648405E-004     -3.6288674E-004
     -3.9644108E+000      2.2401321E-004      5.5510170E-004     -3.4984584E-004
     -3.9413619E+000      2.1609527E-004      5.3454971E-004     -3.3728821E-004
     -3.9183130E+000      2.0846139E-004      5.1479368E-004     -3.2519510E-004
     -3.8952641E+000      2.0110107E-004      4.9580078E-004     -3.1354856E-004
     -3.8722152E+000      1.9400420E-004      4.7753962E-004     -3.0233134E-004
     -3.8491663E+000      1.8716108E-004      4.5998023E-004     -2.9152694E-004
     -3.8261174E+000      1.8056240E-004      4.4309398E-004     -2.8111951E-004
     -3.8030685E+000      1.7419916E-004      4.2685348E-004     -2.7109384E-004
     -3.7800196E+000      1.6806275E-004      4.1123257E-004     -2.6143536E-004
     -3.7569707E+000      1.6214485E-004      3.9620622E-004     -2.5213007E-004
     -3.7339218E+000      1.5643749E-004      3.8175050E-004     -2.4316455E-004
     -3.7108729E+000      1.5093299E-004      3.6784252E-004     -2.3452590E-004
     -3.6878240E+000      1.4562395E-004      3.5446037E-004     -2.2620176E-004
     -3.6647751E+000      1.4050326E-004      3.4158309E-004     -2.1818024E-004
     -3.6417262E+000      1.3556408E-004      3.2919061E-004     -2.1044994E-004
     -3.6186773E+000      1.3079983E-004      3.1726372E-004     -2.0299991E-004
     -3.5956284E+000      1.2620416E-004      3.0578404E-004     -1.9581963E-004
     -3.5725795E+000      1.2177098E-004      2.9473395E-004     -1.8889899E-004
     -3.5495306E+000      1.1749441E-004      2.8409657E-004     -1.8222829E-004
     -3.5264817E+000      1.1336881E-004      2.7385573E-004     -1.7579819E-004
     -3.5034328E+000      1.0938872E-004      2.6399596E-004     -1.6959975E-004
     -3.4803839E+000      1.0554892E-004      2.5450241E-004     -1.6362434E-004
     -3.4573350E+000      1.0184435E-004      2.4536085E-004     -1.5786369E-004
     -3.4342861E+000      9.8270162E-005      2.3655764E-004     -1.5230985E-004
     -3.4112372E+000      9.4821673E-005      2.2807971E-004     -1.4695516E-004
     -3.3881883E+000      9.1494379E-005      2.1991450E-004     -1.4179227E-004
     -3.3651394E+000      8.8283942E-005      2.1205001E-004     -1.3681412E-004
     -3.3420905E+000      8.5186182E-005      2.0447468E-004     -1.3201390E-004
     -3.3190416E+000      8.2197075E-005      1.9717745E-004     -1.2738508E-004
     -3.2959927E+000      7.9312742E-005      1.9014770E-004     -1.2292137E-004
     -3.2729438E+000      7.6529448E-005      1.8337525E-004     -1.1861672E-004
     -3.2498949E+000      7.3843595E-005      1.7685030E-004     -1.1446532E-004
     -3.2268460E+000      7.1251714E-005      1.7056347E-004     -1.1046157E-004
     -3.2037971E+000      6.8750467E-005      1.6450574E-004     -1.0660008E-004
     -3.1807482E+000      6.6336632E-005      1.5866847E-004     -1.0287567E-004
     -3.1576993E+000      6.4007109E-005      1.5304334E-004     -9.9283368E-005
     -3.1346504E+000      6.1758909E-005      1.4762237E-004     -9.5818361E-005
     -3.1116015E+000      5.9589151E-005      1.4239790E-004     -9.2476037E-005
     -3.0885526E+000      5.7495059E-005      1.3736256E-004     -8.9251951E-005
     -3.0655037E+000      5.5473957E-005      1.3250929E-004     -8.6141827E-005
     -3.0424548E+000      5.3523267E-005      1.2783128E-004     -8.3141545E-005
     -3.0194059E+000      5.1640502E-005      1.2332200E-004     -8.0247141E-005
     -2.9963570E+000      4.9823266E-005      1.1897519E-004     -7.7454799E-005
     -2.9733081E+000      4.8069250E-005      1.1478480E-004     -7.4760844E-005
     -2.9502592E+000      4.6376227E-005      1.1074504E-004     -7.2161737E-005
     -2.9272103E+000      4.4742050E-005      1.0685034E-004     -6.9654070E-005
     -2.9041614E+000      4.3164650E-005      1.0309534E-004     -6.7234561E-005
     -2.8811125E+000      4.1642032E-005      9.9474886E-005     -6.4900051E-005
     -2.8580636E+000      4.0172271E-005      9.5984028E-005     -6.2647494E-005
     -2.8350147E+000      3.8753513E-005      9.2618002E-005     -6.0473960E-005
     -2.8119658E+000      3.7383969E-005      8.9372226E-005     -5.8376622E-005
     -2.7889169E+000      3.6061915E-005      8.6242295E-005     -5.6352762E-005
     -2.7658680E+000      3.4785686E-005      8.3223969E-005     -5.4399756E-005
     -2.7428191E+000      3.3553681E-005      8.0313172E-005     -5.2515081E-005
     -2.7197702E+000      3.2364350E-005      7.7505981E-005     -5.0696302E-005
     -2.6967213E+000      3.1216204E-005      7.4798622E-005     -4.8941075E-005
     -2.6736724E+000      3.0107804E-005      7.2187463E-005     -4.7247141E-005
     -2.6506235E+000      2.9037761E-005      6.9669011E-005     -4.5612323E-005
     -2.6275746E+000      2.8004738E-005      6.7239901E-005     -4.4034523E-005
     -2.6045257E+000      2.7007444E-005      6.4896898E-005     -4.2511719E-005
     -2.5814768E+000      2.6044634E-005      6.2636887E-005     -4.1041963E-005
     -2.5584279E+000      2.5115107E-005      6.0456867E-005     -3.9623375E-005
     -2.5353790E+000      2.4217704E-005      5.8353954E-005     -3.8254145E-005
     -2.5123301E+000      2.3351309E-005      5.6325368E-005     -3.6932529E-005
     -2.4892812E+000      2.2514843E-005      5.4368434E-005     -3.5656844E-005
     -2.4662323E+000      2.1707266E-005      5.2480575E-005     -3.4425468E-005
     -2.4431834E+000      2.0927576E-005      5.0659312E-005     -3.3236838E-005
     -2.4201345E+000      2.0174804E-005      4.8902256E-005     -3.2089445E-005
     -2.3970856E+000      1.9448018E-005      4.7207106E-005     -3.0981838E-005
     -2.3740367E+000      1.8746315E-005      4.5571649E-005     -2.9912614E-005
     -2.3509878E+000      1.8068827E-005      4.3993750E-005     -2.8880422E-005
     -2.3279389E+000      1.7414717E-005      4.2471355E-005     -2.7883959E-005
     -2.3048900E+000      1.6783173E-005      4.1002484E-005     -2.6921969E-005
     -2.2818411E+000      1.6173418E-005      3.9585232E-005     -2.5993240E-005
     -2.2587922E+000      1.5584696E-005      3.8217760E-005     -2.5096603E-005
     -2.2357433E+000      1.5016281E-005      3.6898301E-005     -2.4230932E-005
     -2.2126944E+000      1.4467474E-005      3.5625150E-005     -2.3395139E-005
     -2.1896455E+000      1.3937596E-005      3.4396663E-005     -2.2588176E-005
     -2.1665966E+000      1.3425995E-005      3.3211259E-005     -2.1809032E-005
     -2.1435477E+000      1.2932041E-005      3.2067413E-005     -2.1056731E-005
     -2.1204988E+000      1.2455127E-005      3.0963656E-005     -2.0330333E-005
     -2.0974499E+000      1.1994665E-005      2.9898571E-005     -1.9628929E-005
     -2.0744010E+000      1.1550091E-005      2.8870795E-005     -1.8951644E-005
     -2.0513521E+000      1.1120857E-005      2.7879012E-005     -1.8297634E-005
     -2.0283032E+000      1.0706438E-005      2.6921955E-005     -1.7666083E-005
     -2.0052543E+000      1.0306323E-005      2.5998402E-005     -1.7056205E-005
     -1.9822054E+000      9.9200236E-006      2.5107176E-005     -1.6467241E-005
     -1.9591565E+000      9.5470647E-006      2.4247141E-005     -1.5898460E-005
     -1.9361076E+000      9.1869899E-006      2.3417205E-005     -1.5349155E-005
     -1.9130587E+000      8.8393581E-006      2.2616311E-005     -1.4818644E-005
     -1.8900098E+000      8.5037437E-006      2.1843444E-005     -1.4306269E-005
     -1.8669609E+000      8.1797361E-006      2.1097622E-005     -1.3811397E-005
     -1.8439120E+000      7.8669389E-006      2.0377901E-005     -1.3333415E-005
     -1.8208631E+000      7.5649698E-006      1.9683369E-005     -1.2871731E-005
     -1.7978142E+000      7.2734596E-006      1.9013147E-005     -1.2425774E-005
     -1.7747653E+000      6.9920523E-006      1.8366387E-005     -1.1994996E-005
     -1.7517164E+000      6.7204042E-006      1.7742273E-005     -1.1578863E-005
     -1.7286675E+000      6.4581836E-006      1.7140015E-005     -1.1176864E-005
     -1.7056186E+000      6.2050706E-006      1.6558853E-005     -1.0788503E-005
     -1.6825697E+000      5.9607562E-006      1.5998054E-005     -1.0413303E-005
     -1.6595208E+000      5.7249426E-006      1.5456909E-005     -1.0050802E-005
     -1.6364719E+000      5.4973422E-006      1.4934735E-005     -9.7005548E-006
     -1.6134230E+000      5.2776776E-006      1.4430874E-005     -9.3621323E-006
     -1.5903741E+000      5.0656809E-006      1.3944688E-005     -9.0351196E-006
     -1.5673252E+000      4.8610939E-006      1.3475565E-005     -8.7191162E-006
     -1.5442763E+000      4.6636672E-006      1.3022911E-005     -8.4137358E-006
     -1.5212274E+000      4.4731604E-006      1.2586154E-005     -8.1186054E-006
     -1.4981785E+000      4.2893414E-006      1.2164741E-005     -7.8333650E-006
     -1.4751296E+000      4.1119862E-006      1.1758137E-005     -7.5576670E-006
     -1.4520807E+000      3.9408788E-006      1.1365826E-005     -7.2911760E-006
     -1.4290318E+000      3.7758108E-006      1.0987309E-005     -7.0335685E-006
     -1.4059829E+000      3.6165809E-006      1.0622104E-005     -6.7845319E-006
     -1.3829340E+000      3.4629953E-006      1.0269743E-005     -6.5437648E-006
     -1.3598851E+000      3.3148665E-006      9.9297762E-006     -6.3109765E-006
     -1.3368362E+000      3.1720140E-006      9.6017653E-006     -6.0858862E-006
     -1.3137873E+000      3.0342635E-006      9.2852871E-006     -5.8682233E-006
     -1.2907384E+000      2.9014467E-006      8.9799313E-006     -5.6577267E-006
     -1.2676895E+000      2.7734016E-006      8.6853003E-006     -5.4541446E-006
     -1.2446406E+000      2.6499714E-006      8.4010081E-006     -5.2572343E-006
     -1.2215917E+000      2.5310052E-006      8.1266805E-006     -5.0667618E-006
     -1.1985428E+000      2.4163571E-006      7.8619539E-006     -4.8825016E-006
     -1.1754939E+000      2.3058866E-006      7.6064747E-006     -4.7042365E-006
     -1.1524450E+000      2.1994577E-006      7.3598995E-006     -4.5317572E-006
     -1.1293961E+000      2.0969396E-006      7.1218940E-006     -4.3648625E-006
     -1.1063472E+000      1.9982058E-006      6.8921326E-006     -4.2033586E-006
     -1.0832983E+000      1.9031341E-006      6.6702981E-006     -4.0470590E-006
     -1.0602494E+000      1.8116066E-006      6.4560815E-006     -3.8957847E-006
     -1.0372005E+000      1.7235097E-006      6.2491811E-006     -3.7493636E-006
     -1.0141516E+000      1.6387332E-006      6.0493027E-006     -3.6076303E-006
     -9.9110269E-001      1.5571710E-006      5.8561591E-006     -3.4704264E-006
     -9.6805379E-001      1.4787206E-006      5.6694698E-006     -3.3375999E-006
     -9.4500489E-001      1.4032825E-006      5.4889611E-006     -3.2090051E-006
     -9.2195599E-001      1.3307610E-006      5.3143655E-006     -3.0845027E-006
     -8.9890709E-001      1.2610633E-006      5.1454222E-006     -2.9639594E-006
     -8.7585819E-001      1.1940996E-006      4.9818766E-006     -2.8472478E-006
     -8.5280929E-001      1.1297830E-006      4.8234807E-006     -2.7342465E-006
     -8.2976039E-001      1.0680292E-006      4.6699931E-006     -2.6248394E-006
     -8.0671149E-001      1.0087569E-006      4.5211792E-006     -2.5189162E-006
     -7.8366259E-001      9.5188679E-007      4.3768114E-006     -2.4163718E-006
     -7.6061369E-001      8.9734226E-007      4.2366696E-006     -2.3171061E-006
     -7.3756479E-001      8.4504883E-007      4.1005413E-006     -2.2210244E-006
     -7.1451589E-001      7.9493416E-007      3.9682224E-006     -2.1280363E-006
     -6.9146699E-001      7.4692793E-007      3.8395173E-006     -2.0380564E-006
     -6.6841810E-001      7.0096176E-007      3.7142398E-006     -1.9510035E-006
     -6.4536920E-001      6.5696907E-007      3.5922132E-006     -1.8668006E-006
     -6.2232030E-001      6.1488502E-007      3.4732711E-006     -1.7853748E-006
     -5.9927140E-001      5.7464641E-007      3.3572580E-006     -1.7066567E-006
     -5.7622250E-001      5.3619160E-007      3.2440296E-006     -1.6305805E-006
     -5.5317360E-001      4.9946042E-007      3.1334531E-006     -1.5570835E-006
     -5.3012470E-001      4.6439412E-007      3.0254080E-006     -1.4861060E-006
     -5.0707580E-001      4.3093529E-007      2.9197861E-006     -1.4175910E-006
     -4.8402690E-001      3.9902780E-007      2.8164915E-006     -1.3514835E-006
     -4.6097800E-001      3.6861678E-007      2.7154411E-006     -1.2877310E-006
     -4.3792910E-001      3.3964853E-007      2.6165640E-006     -1.2262826E-006
     -4.1488020E-001      3.1207053E-007      2.5198017E-006     -1.1670888E-006
     -3.9183130E-001      2.8583135E-007      2.4251073E-006     -1.1101014E-006
     -3.6878240E-001      2.6088070E-007      2.3324452E-006     -1.0552733E-006
     -3.4573350E-001      2.3716935E-007      2.2417904E-006     -1.0025577E-006
     -3.2268460E-001      2.1464912E-007      2.1531276E-006     -9.5190871E-007
     -2.9963570E-001      1.9327292E-007      2.0664502E-006     -9.0328039E-007
     -2.7658680E-001      1.7299471E-007      1.9817589E-006     -8.5662701E-007
     -2.5353790E-001      1.5376948E-007      1.8990624E-006     -8.1190268E-007
     -2.3048900E-001      1.3555332E-007      1.8183690E-006     -7.6906131E-007
     -2.0744010E-001      1.1830334E-007      1.7397120E-006     -7.2805645E-007
     -1.8439120E-001      1.0197777E-007      1.6630499E-006     -6.8884124E-007
     -1.6134230E-001      8.6535888E-008      1.5886312E-006     -6.5136835E-007
     -1.3829340E-001      7.1938099E-008      1.5156279E-006     -6.1558995E-007
     -1.1524450E-001      5.8145898E-008      1.4472308E-006     -5.8145776E-007
     -9.2195599E-002      4.5121902E-008      1.3716273E-006     -5.4892300E-007
     -6.9146699E-002      3.2829860E-008      1.3329882E-006     -5.1793654E-007
     -4.6097800E-002      2.1234652E-008      1.1665374E-006     -4.8844888E-007
     -2.3048900E-002      1.0302308E-008      1.4872866E-006     -4.6041030E-007
      3.9569042E-013      0.0000000E+000      0.0000000E+000     -4.3377095E-007
