     -2.3025851E+001      9.9999998E-001
     -2.3002802E+001      9.9999998E-001
     -2.2979753E+001      9.9999998E-001
     -2.2956704E+001      9.9999998E-001
     -2.2933655E+001      9.9999998E-001
     -2.2910606E+001      9.9999998E-001
     -2.2887558E+001      9.9999998E-001
     -2.2864509E+001      9.9999998E-001
     -2.2841460E+001      9.9999998E-001
     -2.2818411E+001      9.9999998E-001
     -2.2795362E+001      9.9999999E-001
     -2.2772313E+001      9.9999999E-001
     -2.2749264E+001      9.9999999E-001
     -2.2726215E+001      9.9999999E-001
     -2.2703166E+001      9.9999999E-001
     -2.2680117E+001      9.9999999E-001
     -2.2657069E+001      9.9999999E-001
     -2.2634020E+001      9.9999999E-001
     -2.2610971E+001      9.9999999E-001
     -2.2587922E+001      9.9999999E-001
     -2.2564873E+001      9.9999999E-001
     -2.2541824E+001      9.9999999E-001
     -2.2518775E+001      9.9999999E-001
     -2.2495726E+001      9.9999999E-001
     -2.2472677E+001      9.9999999E-001
     -2.2449628E+001      9.9999999E-001
     -2.2426580E+001      9.9999999E-001
     -2.2403531E+001      9.9999999E-001
     -2.2380482E+001      9.9999999E-001
     -2.2357433E+001      9.9999999E-001
     -2.2334384E+001      9.9999999E-001
     -2.2311335E+001      9.9999999E-001
     -2.2288286E+001      9.9999999E-001
     -2.2265237E+001      1.0000000E+000
     -2.2242188E+001      9.9999999E-001
     -2.2219139E+001      9.9999999E-001
     -2.2196091E+001      9.9999999E-001
     -2.2173042E+001      1.0000000E+000
     -2.2149993E+001      1.0000000E+000
     -2.2126944E+001      1.0000000E+000
     -2.2103895E+001      1.0000000E+000
     -2.2080846E+001      9.9999999E-001
     -2.2057797E+001      1.0000000E+000
     -2.2034748E+001      1.0000000E+000
     -2.2011699E+001      1.0000000E+000
     -2.1988650E+001      1.0000000E+000
     -2.1965602E+001      1.0000000E+000
     -2.1942553E+001      9.9999999E-001
     -2.1919504E+001      1.0000000E+000
     -2.1896455E+001      1.0000000E+000
     -2.1873406E+001      1.0000000E+000
     -2.1850357E+001      1.0000000E+000
     -2.1827308E+001      1.0000000E+000
     -2.1804259E+001      1.0000000E+000
     -2.1781210E+001      1.0000000E+000
     -2.1758161E+001      1.0000000E+000
     -2.1735113E+001      1.0000000E+000
     -2.1712064E+001      1.0000000E+000
     -2.1689015E+001      1.0000000E+000
     -2.1665966E+001      1.0000000E+000
     -2.1642917E+001      1.0000000E+000
     -2.1619868E+001      1.0000000E+000
     -2.1596819E+001      1.0000000E+000
     -2.1573770E+001      1.0000000E+000
     -2.1550721E+001      1.0000000E+000
     -2.1527672E+001      1.0000000E+000
     -2.1504624E+001      1.0000000E+000
     -2.1481575E+001      1.0000000E+000
     -2.1458526E+001      1.0000000E+000
     -2.1435477E+001      1.0000000E+000
     -2.1412428E+001      1.0000000E+000
     -2.1389379E+001      1.0000000E+000
     -2.1366330E+001      1.0000000E+000
     -2.1343281E+001      1.0000000E+000
     -2.1320232E+001      1.0000000E+000
     -2.1297183E+001      1.0000000E+000
     -2.1274135E+001      1.0000000E+000
     -2.1251086E+001      1.0000000E+000
     -2.1228037E+001      1.0000000E+000
     -2.1204988E+001      1.0000000E+000
     -2.1181939E+001      1.0000000E+000
     -2.1158890E+001      1.0000000E+000
     -2.1135841E+001      1.0000000E+000
     -2.1112792E+001      1.0000000E+000
     -2.1089743E+001      1.0000000E+000
     -2.1066694E+001      1.0000000E+000
     -2.1043646E+001      1.0000000E+000
     -2.1020597E+001      1.0000000E+000
     -2.0997548E+001      1.0000000E+000
     -2.0974499E+001      1.0000000E+000
     -2.0951450E+001      1.0000000E+000
     -2.0928401E+001      1.0000000E+000
     -2.0905352E+001      1.0000000E+000
     -2.0882303E+001      1.0000000E+000
     -2.0859254E+001      1.0000000E+000
     -2.0836205E+001      1.0000000E+000
     -2.0813157E+001      1.0000000E+000
     -2.0790108E+001      1.0000000E+000
     -2.0767059E+001      1.0000000E+000
     -2.0744010E+001      1.0000000E+000
     -2.0720961E+001      1.0000000E+000
     -2.0697912E+001      1.0000000E+000
     -2.0674863E+001      1.0000000E+000
     -2.0651814E+001      1.0000000E+000
     -2.0628765E+001      1.0000000E+000
     -2.0605716E+001      1.0000000E+000
     -2.0582668E+001      1.0000000E+000
     -2.0559619E+001      1.0000000E+000
     -2.0536570E+001      1.0000000E+000
     -2.0513521E+001      1.0000000E+000
     -2.0490472E+001      1.0000000E+000
     -2.0467423E+001      1.0000000E+000
     -2.0444374E+001      1.0000000E+000
     -2.0421325E+001      1.0000000E+000
     -2.0398276E+001      1.0000000E+000
     -2.0375227E+001      1.0000000E+000
     -2.0352179E+001      1.0000000E+000
     -2.0329130E+001      1.0000000E+000
     -2.0306081E+001      1.0000000E+000
     -2.0283032E+001      1.0000000E+000
     -2.0259983E+001      1.0000000E+000
     -2.0236934E+001      1.0000000E+000
     -2.0213885E+001      1.0000000E+000
     -2.0190836E+001      1.0000000E+000
     -2.0167787E+001      1.0000000E+000
     -2.0144738E+001      1.0000000E+000
     -2.0121690E+001      1.0000000E+000
     -2.0098641E+001      1.0000000E+000
     -2.0075592E+001      1.0000000E+000
     -2.0052543E+001      1.0000000E+000
     -2.0029494E+001      1.0000000E+000
     -2.0006445E+001      1.0000000E+000
     -1.9983396E+001      1.0000000E+000
     -1.9960347E+001      1.0000000E+000
     -1.9937298E+001      1.0000000E+000
     -1.9914249E+001      1.0000000E+000
     -1.9891201E+001      1.0000000E+000
     -1.9868152E+001      1.0000000E+000
     -1.9845103E+001      1.0000000E+000
     -1.9822054E+001      1.0000000E+000
     -1.9799005E+001      1.0000000E+000
     -1.9775956E+001      1.0000000E+000
     -1.9752907E+001      1.0000000E+000
     -1.9729858E+001      1.0000000E+000
     -1.9706809E+001      1.0000000E+000
     -1.9683760E+001      1.0000000E+000
     -1.9660712E+001      1.0000000E+000
     -1.9637663E+001      1.0000000E+000
     -1.9614614E+001      1.0000000E+000
     -1.9591565E+001      1.0000000E+000
     -1.9568516E+001      1.0000000E+000
     -1.9545467E+001      1.0000000E+000
     -1.9522418E+001      1.0000000E+000
     -1.9499369E+001      1.0000000E+000
     -1.9476320E+001      1.0000000E+000
     -1.9453271E+001      1.0000000E+000
     -1.9430223E+001      1.0000000E+000
     -1.9407174E+001      1.0000000E+000
     -1.9384125E+001      1.0000000E+000
     -1.9361076E+001      1.0000000E+000
     -1.9338027E+001      1.0000000E+000
     -1.9314978E+001      1.0000000E+000
     -1.9291929E+001      1.0000000E+000
     -1.9268880E+001      1.0000000E+000
     -1.9245831E+001      1.0000000E+000
     -1.9222782E+001      1.0000000E+000
     -1.9199734E+001      1.0000000E+000
     -1.9176685E+001      1.0000000E+000
     -1.9153636E+001      1.0000000E+000
     -1.9130587E+001      1.0000000E+000
     -1.9107538E+001      1.0000000E+000
     -1.9084489E+001      1.0000000E+000
     -1.9061440E+001      1.0000000E+000
     -1.9038391E+001      1.0000000E+000
     -1.9015342E+001      1.0000000E+000
     -1.8992293E+001      1.0000000E+000
     -1.8969245E+001      1.0000000E+000
     -1.8946196E+001      1.0000000E+000
     -1.8923147E+001      1.0000000E+000
     -1.8900098E+001      1.0000000E+000
     -1.8877049E+001      1.0000000E+000
     -1.8854000E+001      1.0000000E+000
     -1.8830951E+001      1.0000000E+000
     -1.8807902E+001      1.0000000E+000
     -1.8784853E+001      1.0000000E+000
     -1.8761804E+001      1.0000000E+000
     -1.8738756E+001      1.0000000E+000
     -1.8715707E+001      1.0000000E+000
     -1.8692658E+001      1.0000000E+000
     -1.8669609E+001      1.0000000E+000
     -1.8646560E+001      1.0000000E+000
     -1.8623511E+001      1.0000000E+000
     -1.8600462E+001      1.0000000E+000
     -1.8577413E+001      1.0000000E+000
     -1.8554364E+001      1.0000000E+000
     -1.8531315E+001      1.0000000E+000
     -1.8508267E+001      1.0000000E+000
     -1.8485218E+001      1.0000000E+000
     -1.8462169E+001      1.0000000E+000
     -1.8439120E+001      1.0000000E+000
     -1.8416071E+001      1.0000000E+000
     -1.8393022E+001      1.0000000E+000
     -1.8369973E+001      1.0000000E+000
     -1.8346924E+001      1.0000000E+000
     -1.8323875E+001      1.0000000E+000
     -1.8300826E+001      1.0000000E+000
     -1.8277778E+001      1.0000000E+000
     -1.8254729E+001      1.0000000E+000
     -1.8231680E+001      1.0000000E+000
     -1.8208631E+001      1.0000000E+000
     -1.8185582E+001      1.0000000E+000
     -1.8162533E+001      1.0000000E+000
     -1.8139484E+001      1.0000000E+000
     -1.8116435E+001      1.0000000E+000
     -1.8093386E+001      1.0000000E+000
     -1.8070337E+001      1.0000000E+000
     -1.8047289E+001      1.0000000E+000
     -1.8024240E+001      1.0000000E+000
     -1.8001191E+001      1.0000000E+000
     -1.7978142E+001      1.0000000E+000
     -1.7955093E+001      1.0000000E+000
     -1.7932044E+001      1.0000000E+000
     -1.7908995E+001      1.0000000E+000
     -1.7885946E+001      1.0000000E+000
     -1.7862897E+001      1.0000000E+000
     -1.7839848E+001      1.0000000E+000
     -1.7816800E+001      1.0000000E+000
     -1.7793751E+001      1.0000000E+000
     -1.7770702E+001      1.0000000E+000
     -1.7747653E+001      1.0000000E+000
     -1.7724604E+001      1.0000000E+000
     -1.7701555E+001      1.0000000E+000
     -1.7678506E+001      1.0000000E+000
     -1.7655457E+001      1.0000000E+000
     -1.7632408E+001      1.0000000E+000
     -1.7609359E+001      1.0000000E+000
     -1.7586311E+001      1.0000000E+000
     -1.7563262E+001      1.0000000E+000
     -1.7540213E+001      1.0000000E+000
     -1.7517164E+001      1.0000000E+000
     -1.7494115E+001      1.0000000E+000
     -1.7471066E+001      1.0000000E+000
     -1.7448017E+001      1.0000000E+000
     -1.7424968E+001      1.0000000E+000
     -1.7401919E+001      1.0000000E+000
     -1.7378870E+001      1.0000000E+000
     -1.7355822E+001      1.0000000E+000
     -1.7332773E+001      1.0000000E+000
     -1.7309724E+001      1.0000000E+000
     -1.7286675E+001      1.0000000E+000
     -1.7263626E+001      1.0000000E+000
     -1.7240577E+001      1.0000000E+000
     -1.7217528E+001      1.0000000E+000
     -1.7194479E+001      1.0000000E+000
     -1.7171430E+001      1.0000000E+000
     -1.7148381E+001      1.0000000E+000
     -1.7125333E+001      1.0000000E+000
     -1.7102284E+001      1.0000000E+000
     -1.7079235E+001      1.0000000E+000
     -1.7056186E+001      1.0000000E+000
     -1.7033137E+001      1.0000000E+000
     -1.7010088E+001      1.0000000E+000
     -1.6987039E+001      1.0000000E+000
     -1.6963990E+001      1.0000000E+000
     -1.6940941E+001      1.0000000E+000
     -1.6917892E+001      1.0000000E+000
     -1.6894844E+001      1.0000000E+000
     -1.6871795E+001      1.0000000E+000
     -1.6848746E+001      1.0000000E+000
     -1.6825697E+001      1.0000000E+000
     -1.6802648E+001      1.0000000E+000
     -1.6779599E+001      1.0000000E+000
     -1.6756550E+001      1.0000000E+000
     -1.6733501E+001      1.0000000E+000
     -1.6710452E+001      1.0000000E+000
     -1.6687403E+001      1.0000000E+000
     -1.6664355E+001      1.0000000E+000
     -1.6641306E+001      1.0000000E+000
     -1.6618257E+001      1.0000000E+000
     -1.6595208E+001      1.0000000E+000
     -1.6572159E+001      1.0000000E+000
     -1.6549110E+001      1.0000000E+000
     -1.6526061E+001      1.0000000E+000
     -1.6503012E+001      1.0000000E+000
     -1.6479963E+001      1.0000000E+000
     -1.6456914E+001      1.0000000E+000
     -1.6433866E+001      1.0000000E+000
     -1.6410817E+001      1.0000000E+000
     -1.6387768E+001      1.0000000E+000
     -1.6364719E+001      1.0000000E+000
     -1.6341670E+001      1.0000000E+000
     -1.6318621E+001      1.0000000E+000
     -1.6295572E+001      1.0000000E+000
     -1.6272523E+001      1.0000000E+000
     -1.6249474E+001      1.0000000E+000
     -1.6226425E+001      1.0000000E+000
     -1.6203377E+001      1.0000000E+000
     -1.6180328E+001      1.0000000E+000
     -1.6157279E+001      1.0000000E+000
     -1.6134230E+001      1.0000000E+000
     -1.6111181E+001      1.0000000E+000
     -1.6088132E+001      1.0000000E+000
     -1.6065083E+001      1.0000000E+000
     -1.6042034E+001      1.0000000E+000
     -1.6018985E+001      1.0000000E+000
     -1.5995936E+001      1.0000000E+000
     -1.5972888E+001      1.0000000E+000
     -1.5949839E+001      1.0000000E+000
     -1.5926790E+001      1.0000000E+000
     -1.5903741E+001      1.0000000E+000
     -1.5880692E+001      1.0000000E+000
     -1.5857643E+001      1.0000000E+000
     -1.5834594E+001      1.0000000E+000
     -1.5811545E+001      1.0000000E+000
     -1.5788496E+001      1.0000000E+000
     -1.5765447E+001      1.0000000E+000
     -1.5742399E+001      1.0000000E+000
     -1.5719350E+001      1.0000000E+000
     -1.5696301E+001      1.0000000E+000
     -1.5673252E+001      1.0000000E+000
     -1.5650203E+001      1.0000000E+000
     -1.5627154E+001      1.0000000E+000
     -1.5604105E+001      1.0000000E+000
     -1.5581056E+001      1.0000000E+000
     -1.5558007E+001      1.0000000E+000
     -1.5534958E+001      1.0000000E+000
     -1.5511910E+001      1.0000000E+000
     -1.5488861E+001      1.0000000E+000
     -1.5465812E+001      1.0000000E+000
     -1.5442763E+001      1.0000000E+000
     -1.5419714E+001      1.0000000E+000
     -1.5396665E+001      1.0000000E+000
     -1.5373616E+001      1.0000000E+000
     -1.5350567E+001      1.0000000E+000
     -1.5327518E+001      1.0000000E+000
     -1.5304469E+001      1.0000000E+000
     -1.5281421E+001      1.0000000E+000
     -1.5258372E+001      1.0000000E+000
     -1.5235323E+001      1.0000000E+000
     -1.5212274E+001      1.0000000E+000
     -1.5189225E+001      1.0000000E+000
     -1.5166176E+001      1.0000000E+000
     -1.5143127E+001      1.0000000E+000
     -1.5120078E+001      1.0000000E+000
     -1.5097029E+001      1.0000000E+000
     -1.5073980E+001      1.0000000E+000
     -1.5050932E+001      1.0000000E+000
     -1.5027883E+001      1.0000000E+000
     -1.5004834E+001      1.0000000E+000
     -1.4981785E+001      1.0000000E+000
     -1.4958736E+001      1.0000000E+000
     -1.4935687E+001      1.0000000E+000
     -1.4912638E+001      1.0000000E+000
     -1.4889589E+001      1.0000000E+000
     -1.4866540E+001      1.0000000E+000
     -1.4843491E+001      1.0000000E+000
     -1.4820443E+001      1.0000000E+000
     -1.4797394E+001      1.0000000E+000
     -1.4774345E+001      1.0000000E+000
     -1.4751296E+001      1.0000000E+000
     -1.4728247E+001      1.0000000E+000
     -1.4705198E+001      1.0000000E+000
     -1.4682149E+001      1.0000000E+000
     -1.4659100E+001      1.0000000E+000
     -1.4636051E+001      1.0000000E+000
     -1.4613002E+001      1.0000000E+000
     -1.4589954E+001      1.0000000E+000
     -1.4566905E+001      1.0000000E+000
     -1.4543856E+001      1.0000000E+000
     -1.4520807E+001      1.0000000E+000
     -1.4497758E+001      1.0000000E+000
     -1.4474709E+001      1.0000000E+000
     -1.4451660E+001      1.0000000E+000
     -1.4428611E+001      1.0000000E+000
     -1.4405562E+001      1.0000000E+000
     -1.4382513E+001      1.0000000E+000
     -1.4359465E+001      1.0000000E+000
     -1.4336416E+001      1.0000000E+000
     -1.4313367E+001      1.0000000E+000
     -1.4290318E+001      1.0000000E+000
     -1.4267269E+001      1.0000000E+000
     -1.4244220E+001      1.0000000E+000
     -1.4221171E+001      1.0000000E+000
     -1.4198122E+001      1.0000000E+000
     -1.4175073E+001      1.0000000E+000
     -1.4152024E+001      1.0000000E+000
     -1.4128976E+001      1.0000000E+000
     -1.4105927E+001      1.0000000E+000
     -1.4082878E+001      1.0000000E+000
     -1.4059829E+001      1.0000000E+000
     -1.4036780E+001      1.0000000E+000
     -1.4013731E+001      1.0000000E+000
     -1.3990682E+001      1.0000000E+000
     -1.3967633E+001      1.0000000E+000
     -1.3944584E+001      1.0000000E+000
     -1.3921535E+001      1.0000000E+000
     -1.3898487E+001      1.0000000E+000
     -1.3875438E+001      1.0000000E+000
     -1.3852389E+001      1.0000000E+000
     -1.3829340E+001      1.0000000E+000
     -1.3806291E+001      1.0000000E+000
     -1.3783242E+001      1.0000000E+000
     -1.3760193E+001      1.0000000E+000
     -1.3737144E+001      1.0000000E+000
     -1.3714095E+001      1.0000000E+000
     -1.3691046E+001      1.0000000E+000
     -1.3667998E+001      1.0000000E+000
     -1.3644949E+001      1.0000000E+000
     -1.3621900E+001      1.0000000E+000
     -1.3598851E+001      1.0000000E+000
     -1.3575802E+001      1.0000000E+000
     -1.3552753E+001      1.0000000E+000
     -1.3529704E+001      1.0000000E+000
     -1.3506655E+001      1.0000000E+000
     -1.3483606E+001      1.0000000E+000
     -1.3460558E+001      1.0000000E+000
     -1.3437509E+001      1.0000000E+000
     -1.3414460E+001      1.0000000E+000
     -1.3391411E+001      1.0000000E+000
     -1.3368362E+001      1.0000000E+000
     -1.3345313E+001      1.0000000E+000
     -1.3322264E+001      1.0000000E+000
     -1.3299215E+001      1.0000000E+000
     -1.3276166E+001      1.0000000E+000
     -1.3253117E+001      1.0000000E+000
     -1.3230069E+001      1.0000000E+000
     -1.3207020E+001      1.0000000E+000
     -1.3183971E+001      1.0000000E+000
     -1.3160922E+001      1.0000000E+000
     -1.3137873E+001      1.0000000E+000
     -1.3114824E+001      1.0000000E+000
     -1.3091775E+001      1.0000000E+000
     -1.3068726E+001      1.0000000E+000
     -1.3045677E+001      1.0000000E+000
     -1.3022628E+001      1.0000000E+000
     -1.2999580E+001      1.0000000E+000
     -1.2976531E+001      1.0000000E+000
     -1.2953482E+001      1.0000000E+000
     -1.2930433E+001      1.0000000E+000
     -1.2907384E+001      1.0000000E+000
     -1.2884335E+001      1.0000000E+000
     -1.2861286E+001      1.0000000E+000
     -1.2838237E+001      1.0000000E+000
     -1.2815188E+001      1.0000000E+000
     -1.2792139E+001      1.0000000E+000
     -1.2769091E+001      1.0000000E+000
     -1.2746042E+001      1.0000000E+000
     -1.2722993E+001      1.0000000E+000
     -1.2699944E+001      1.0000000E+000
     -1.2676895E+001      1.0000000E+000
     -1.2653846E+001      1.0000000E+000
     -1.2630797E+001      1.0000000E+000
     -1.2607748E+001      1.0000000E+000
     -1.2584699E+001      1.0000000E+000
     -1.2561650E+001      1.0000000E+000
     -1.2538602E+001      1.0000000E+000
     -1.2515553E+001      1.0000000E+000
     -1.2492504E+001      1.0000000E+000
     -1.2469455E+001      1.0000000E+000
     -1.2446406E+001      1.0000000E+000
     -1.2423357E+001      1.0000000E+000
     -1.2400308E+001      1.0000000E+000
     -1.2377259E+001      1.0000000E+000
     -1.2354210E+001      1.0000000E+000
     -1.2331161E+001      1.0000000E+000
     -1.2308113E+001      1.0000000E+000
     -1.2285064E+001      1.0000000E+000
     -1.2262015E+001      1.0000000E+000
     -1.2238966E+001      1.0000000E+000
     -1.2215917E+001      1.0000000E+000
     -1.2192868E+001      1.0000000E+000
     -1.2169819E+001      1.0000000E+000
     -1.2146770E+001      1.0000000E+000
     -1.2123721E+001      1.0000000E+000
     -1.2100672E+001      1.0000000E+000
     -1.2077624E+001      1.0000000E+000
     -1.2054575E+001      1.0000000E+000
     -1.2031526E+001      1.0000000E+000
     -1.2008477E+001      1.0000000E+000
     -1.1985428E+001      1.0000000E+000
     -1.1962379E+001      1.0000000E+000
     -1.1939330E+001      1.0000000E+000
     -1.1916281E+001      1.0000000E+000
     -1.1893232E+001      1.0000000E+000
     -1.1870183E+001      1.0000000E+000
     -1.1847135E+001      1.0000000E+000
     -1.1824086E+001      1.0000000E+000
     -1.1801037E+001      1.0000000E+000
     -1.1777988E+001      1.0000000E+000
     -1.1754939E+001      1.0000000E+000
     -1.1731890E+001      1.0000000E+000
     -1.1708841E+001      1.0000000E+000
     -1.1685792E+001      1.0000000E+000
     -1.1662743E+001      1.0000000E+000
     -1.1639694E+001      1.0000000E+000
     -1.1616646E+001      1.0000000E+000
     -1.1593597E+001      1.0000000E+000
     -1.1570548E+001      1.0000000E+000
     -1.1547499E+001      1.0000000E+000
     -1.1524450E+001      1.0000000E+000
     -1.1501401E+001      1.0000000E+000
     -1.1478352E+001      1.0000000E+000
     -1.1455303E+001      1.0000000E+000
     -1.1432254E+001      1.0000000E+000
     -1.1409205E+001      1.0000000E+000
     -1.1386157E+001      1.0000000E+000
     -1.1363108E+001      1.0000000E+000
     -1.1340059E+001      1.0000000E+000
     -1.1317010E+001      1.0000000E+000
     -1.1293961E+001      1.0000000E+000
     -1.1270912E+001      1.0000000E+000
     -1.1247863E+001      1.0000000E+000
     -1.1224814E+001      1.0000000E+000
     -1.1201765E+001      1.0000000E+000
     -1.1178716E+001      1.0000000E+000
     -1.1155668E+001      1.0000000E+000
     -1.1132619E+001      1.0000000E+000
     -1.1109570E+001      1.0000000E+000
     -1.1086521E+001      1.0000000E+000
     -1.1063472E+001      1.0000000E+000
     -1.1040423E+001      1.0000000E+000
     -1.1017374E+001      1.0000000E+000
     -1.0994325E+001      1.0000000E+000
     -1.0971276E+001      1.0000000E+000
     -1.0948227E+001      1.0000000E+000
     -1.0925179E+001      1.0000000E+000
     -1.0902130E+001      1.0000000E+000
     -1.0879081E+001      1.0000000E+000
     -1.0856032E+001      1.0000000E+000
     -1.0832983E+001      1.0000000E+000
     -1.0809934E+001      1.0000000E+000
     -1.0786885E+001      1.0000000E+000
     -1.0763836E+001      1.0000000E+000
     -1.0740787E+001      1.0000000E+000
     -1.0717738E+001      1.0000000E+000
     -1.0694690E+001      1.0000000E+000
     -1.0671641E+001      1.0000000E+000
     -1.0648592E+001      1.0000000E+000
     -1.0625543E+001      1.0000000E+000
     -1.0602494E+001      1.0000000E+000
     -1.0579445E+001      1.0000000E+000
     -1.0556396E+001      1.0000000E+000
     -1.0533347E+001      1.0000000E+000
     -1.0510298E+001      1.0000000E+000
     -1.0487249E+001      1.0000000E+000
     -1.0464201E+001      1.0000000E+000
     -1.0441152E+001      1.0000000E+000
     -1.0418103E+001      1.0000000E+000
     -1.0395054E+001      1.0000000E+000
     -1.0372005E+001      1.0000000E+000
     -1.0348956E+001      1.0000000E+000
     -1.0325907E+001      1.0000000E+000
     -1.0302858E+001      1.0000000E+000
     -1.0279809E+001      1.0000000E+000
     -1.0256760E+001      1.0000000E+000
     -1.0233712E+001      1.0000000E+000
     -1.0210663E+001      1.0000000E+000
     -1.0187614E+001      1.0000000E+000
     -1.0164565E+001      1.0000000E+000
     -1.0141516E+001      1.0000000E+000
     -1.0118467E+001      1.0000000E+000
     -1.0095418E+001      1.0000000E+000
     -1.0072369E+001      1.0000000E+000
     -1.0049320E+001      1.0000000E+000
     -1.0026271E+001      1.0000000E+000
     -1.0003223E+001      1.0000000E+000
     -9.9801736E+000      1.0000000E+000
     -9.9571247E+000      1.0000000E+000
     -9.9340758E+000      1.0000000E+000
     -9.9110269E+000      1.0000000E+000
     -9.8879780E+000      1.0000000E+000
     -9.8649291E+000      1.0000000E+000
     -9.8418802E+000      1.0000000E+000
     -9.8188313E+000      1.0000000E+000
     -9.7957824E+000      1.0000000E+000
     -9.7727335E+000      1.0000000E+000
     -9.7496846E+000      1.0000000E+000
     -9.7266357E+000      1.0000000E+000
     -9.7035868E+000      1.0000000E+000
     -9.6805379E+000      1.0000000E+000
     -9.6574890E+000      1.0000000E+000
     -9.6344401E+000      1.0000000E+000
     -9.6113912E+000      1.0000000E+000
     -9.5883423E+000      1.0000000E+000
     -9.5652934E+000      1.0000000E+000
     -9.5422445E+000      1.0000000E+000
     -9.5191956E+000      1.0000000E+000
     -9.4961467E+000      1.0000000E+000
     -9.4730978E+000      1.0000000E+000
     -9.4500489E+000      1.0000000E+000
     -9.4270000E+000      1.0000000E+000
     -9.4039511E+000      1.0000000E+000
     -9.3809022E+000      1.0000000E+000
     -9.3578533E+000      1.0000000E+000
     -9.3348044E+000      1.0000000E+000
     -9.3117555E+000      1.0000000E+000
     -9.2887066E+000      1.0000000E+000
     -9.2656577E+000      1.0000000E+000
     -9.2426088E+000      1.0000000E+000
     -9.2195599E+000      1.0000000E+000
     -9.1965110E+000      1.0000000E+000
     -9.1734621E+000      1.0000000E+000
     -9.1504132E+000      1.0000000E+000
     -9.1273643E+000      1.0000000E+000
     -9.1043154E+000      1.0000000E+000
     -9.0812665E+000      1.0000000E+000
     -9.0582176E+000      1.0000000E+000
     -9.0351687E+000      1.0000000E+000
     -9.0121198E+000      1.0000000E+000
     -8.9890709E+000      1.0000000E+000
     -8.9660220E+000      1.0000000E+000
     -8.9429731E+000      1.0000000E+000
     -8.9199242E+000      1.0000000E+000
     -8.8968753E+000      1.0000000E+000
     -8.8738264E+000      1.0000000E+000
     -8.8507775E+000      1.0000000E+000
     -8.8277286E+000      1.0000000E+000
     -8.8046797E+000      1.0000000E+000
     -8.7816308E+000      1.0000000E+000
     -8.7585819E+000      1.0000000E+000
     -8.7355330E+000      1.0000000E+000
     -8.7124841E+000      1.0000000E+000
     -8.6894352E+000      1.0000000E+000
     -8.6663863E+000      1.0000000E+000
     -8.6433374E+000      1.0000000E+000
     -8.6202885E+000      1.0000000E+000
     -8.5972396E+000      1.0000000E+000
     -8.5741907E+000      1.0000000E+000
     -8.5511418E+000      1.0000000E+000
     -8.5280929E+000      1.0000000E+000
     -8.5050440E+000      1.0000000E+000
     -8.4819951E+000      1.0000000E+000
     -8.4589462E+000      1.0000000E+000
     -8.4358973E+000      1.0000000E+000
     -8.4128484E+000      1.0000000E+000
     -8.3897995E+000      1.0000000E+000
     -8.3667506E+000      1.0000000E+000
     -8.3437017E+000      1.0000000E+000
     -8.3206528E+000      1.0000000E+000
     -8.2976039E+000      1.0000000E+000
     -8.2745550E+000      1.0000000E+000
     -8.2515061E+000      1.0000000E+000
     -8.2284572E+000      1.0000000E+000
     -8.2054083E+000      1.0000000E+000
     -8.1823594E+000      1.0000000E+000
     -8.1593105E+000      1.0000000E+000
     -8.1362616E+000      1.0000000E+000
     -8.1132127E+000      1.0000000E+000
     -8.0901638E+000      1.0000000E+000
     -8.0671149E+000      1.0000000E+000
     -8.0440660E+000      1.0000000E+000
     -8.0210171E+000      1.0000000E+000
     -7.9979682E+000      1.0000000E+000
     -7.9749193E+000      1.0000000E+000
     -7.9518704E+000      1.0000000E+000
     -7.9288215E+000      1.0000000E+000
     -7.9057726E+000      1.0000000E+000
     -7.8827237E+000      9.9999999E-001
     -7.8596748E+000      9.9999999E-001
     -7.8366259E+000      9.9999997E-001
     -7.8135770E+000      9.9999996E-001
     -7.7905281E+000      9.9999993E-001
     -7.7674792E+000      9.9999988E-001
     -7.7444303E+000      9.9999980E-001
     -7.7213814E+000      9.9999964E-001
     -7.6983325E+000      9.9999937E-001
     -7.6752836E+000      9.9999889E-001
     -7.6522347E+000      9.9999798E-001
     -7.6291858E+000      9.9999630E-001
     -7.6061369E+000      9.9999311E-001
     -7.5830880E+000      9.9998697E-001
     -7.5600391E+000      9.9997496E-001
     -7.5369902E+000      9.9995112E-001
     -7.5139413E+000      9.9990300E-001
     -7.4908924E+000      9.9980426E-001
     -7.4678435E+000      9.9959824E-001
     -7.4447946E+000      9.9916115E-001
     -7.4217457E+000      9.9821855E-001
     -7.3986968E+000      9.9615515E-001
     -7.3756479E+000      9.9158656E-001
     -7.3525990E+000      9.8144326E-001
     -7.3295501E+000      9.6371701E-001
     -7.3065012E+000      9.3231701E-001
     -7.2834523E+000      8.8622246E-001
     -7.2604034E+000      8.2634181E-001
     -7.2373545E+000      7.5557136E-001
     -7.2143056E+000      6.7781796E-001
     -7.1912567E+000      5.9712773E-001
     -7.1682078E+000      5.1708769E-001
     -7.1451589E+000      4.4053784E-001
     -7.1221100E+000      3.6951655E-001
     -7.0990611E+000      3.0532999E-001
     -7.0760122E+000      2.4866536E-001
     -7.0529633E+000      1.9970914E-001
     -7.0299144E+000      1.5825890E-001
     -7.0068655E+000      1.2382733E-001
     -6.9838166E+000      9.5738204E-002
     -6.9607677E+000      7.3211675E-002
     -6.9377188E+000      5.5435636E-002
     -6.9146699E+000      4.1620552E-002
     -6.8916210E+000      3.1037268E-002
     -6.8685721E+000      2.3039184E-002
     -6.8455232E+000      1.7071590E-002
     -6.8224743E+000      1.2671557E-002
     -6.7994254E+000      9.4616964E-003
     -6.7763765E+000      7.1406379E-003
     -6.7533277E+000      5.4723809E-003
     -6.7302788E+000      4.2758501E-003
     -6.7072299E+000      3.4152292E-003
     -6.6841810E+000      2.7911359E-003
     -6.6611321E+000      2.3326035E-003
     -6.6380832E+000      1.9899960E-003
     -6.6150343E+000      1.7290849E-003
     -6.5919854E+000      1.5264148E-003
     -6.5689365E+000      1.3658942E-003
     -6.5458876E+000      1.2364038E-003
     -6.5228387E+000      1.1301701E-003
     -6.4997898E+000      1.0416803E-003
     -6.4767409E+000      9.6696259E-004
     -6.4536920E+000      9.0310810E-004
     -6.4306431E+000      8.4795138E-004
     -6.4075942E+000      7.9985482E-004
     -6.3845453E+000      7.5756124E-004
     -6.3614964E+000      7.2009178E-004
     -6.3384475E+000      6.8667415E-004
     -6.3153986E+000      6.5669160E-004
     -6.2923497E+000      6.2964596E-004
     -6.2693008E+000      6.0513069E-004
     -6.2462519E+000      5.8281081E-004
     -6.2232030E+000      5.6240792E-004
     -6.2001541E+000      5.4368872E-004
     -6.1771052E+000      5.2645627E-004
     -6.1540563E+000      5.1054317E-004
     -6.1310074E+000      4.9580624E-004
     -6.1079585E+000      4.8212228E-004
     -6.0849096E+000      4.6938473E-004
     -6.0618607E+000      4.5750089E-004
     -6.0388118E+000      4.4638982E-004
     -6.0157629E+000      4.3598047E-004
     -5.9927140E+000      4.2621023E-004
     -5.9696651E+000      4.1702374E-004
     -5.9466162E+000      4.0837182E-004
     -5.9235673E+000      4.0021069E-004
     -5.9005184E+000      3.9250119E-004
     -5.8774695E+000      3.8520822E-004
     -5.8544206E+000      3.7830024E-004
     -5.8313717E+000      3.7174879E-004
     -5.8083228E+000      3.6552814E-004
     -5.7852739E+000      3.5961498E-004
     -5.7622250E+000      3.5398815E-004
     -5.7391761E+000      3.4862835E-004
     -5.7161272E+000      3.4351801E-004
     -5.6930783E+000      3.3864103E-004
     -5.6700294E+000      3.3398269E-004
     -5.6469805E+000      3.2952946E-004
     -5.6239316E+000      3.2526889E-004
     -5.6008827E+000      3.2118955E-004
     -5.5778338E+000      3.1728086E-004
     -5.5547849E+000      3.1353305E-004
     -5.5317360E+000      3.0993709E-004
     -5.5086871E+000      3.0648461E-004
     -5.4856382E+000      3.0316781E-004
     -5.4625893E+000      2.9997948E-004
     -5.4395404E+000      2.9691289E-004
     -5.4164915E+000      2.9396177E-004
     -5.3934426E+000      2.9112027E-004
     -5.3703937E+000      2.8838292E-004
     -5.3473448E+000      2.8574463E-004
     -5.3242959E+000      2.8320059E-004
     -5.3012470E+000      2.8074633E-004
     -5.2781981E+000      2.7837765E-004
     -5.2551492E+000      2.7609058E-004
     -5.2321003E+000      2.7388141E-004
     -5.2090514E+000      2.7174665E-004
     -5.1860025E+000      2.6968301E-004
     -5.1629536E+000      2.6768738E-004
     -5.1399047E+000      2.6575683E-004
     -5.1168558E+000      2.6388860E-004
     -5.0938069E+000      2.6208006E-004
     -5.0707580E+000      2.6032876E-004
     -5.0477091E+000      2.5863236E-004
     -5.0246602E+000      2.5698862E-004
     -5.0016113E+000      2.5539546E-004
     -4.9785624E+000      2.5385087E-004
     -4.9555135E+000      2.5235297E-004
     -4.9324646E+000      2.5089996E-004
     -4.9094157E+000      2.4949013E-004
     -4.8863668E+000      2.4812185E-004
     -4.8633179E+000      2.4679358E-004
     -4.8402690E+000      2.4550384E-004
     -4.8172201E+000      2.4425123E-004
     -4.7941712E+000      2.4303441E-004
     -4.7711223E+000      2.4185211E-004
     -4.7480734E+000      2.4070309E-004
     -4.7250245E+000      2.3958621E-004
     -4.7019756E+000      2.3850035E-004
     -4.6789267E+000      2.3744443E-004
     -4.6558778E+000      2.3641746E-004
     -4.6328289E+000      2.3541844E-004
     -4.6097800E+000      2.3444646E-004
     -4.5867311E+000      2.3350061E-004
     -4.5636822E+000      2.3258004E-004
     -4.5406333E+000      2.3168393E-004
     -4.5175844E+000      2.3081150E-004
     -4.4945355E+000      2.2996198E-004
     -4.4714866E+000      2.2913465E-004
     -4.4484377E+000      2.2832882E-004
     -4.4253888E+000      2.2754382E-004
     -4.4023399E+000      2.2677900E-004
     -4.3792910E+000      2.2603375E-004
     -4.3562421E+000      2.2530747E-004
     -4.3331932E+000      2.2459958E-004
     -4.3101443E+000      2.2390954E-004
     -4.2870954E+000      2.2323682E-004
     -4.2640465E+000      2.2258090E-004
     -4.2409976E+000      2.2194130E-004
     -4.2179487E+000      2.2131753E-004
     -4.1948998E+000      2.2070915E-004
     -4.1718509E+000      2.2011570E-004
     -4.1488020E+000      2.1953676E-004
     -4.1257531E+000      2.1897193E-004
     -4.1027042E+000      2.1842080E-004
     -4.0796553E+000      2.1788299E-004
     -4.0566064E+000      2.1735813E-004
     -4.0335575E+000      2.1684586E-004
     -4.0105086E+000      2.1634584E-004
     -3.9874597E+000      2.1585773E-004
     -3.9644108E+000      2.1538121E-004
     -3.9413619E+000      2.1491596E-004
     -3.9183130E+000      2.1446169E-004
     -3.8952641E+000      2.1401810E-004
     -3.8722152E+000      2.1358490E-004
     -3.8491663E+000      2.1316183E-004
     -3.8261174E+000      2.1274861E-004
     -3.8030685E+000      2.1234499E-004
     -3.7800196E+000      2.1195071E-004
     -3.7569707E+000      2.1156555E-004
     -3.7339218E+000      2.1118925E-004
     -3.7108729E+000      2.1082160E-004
     -3.6878240E+000      2.1046238E-004
     -3.6647751E+000      2.1011136E-004
     -3.6417262E+000      2.0976834E-004
     -3.6186773E+000      2.0943313E-004
     -3.5956284E+000      2.0910552E-004
     -3.5725795E+000      2.0878532E-004
     -3.5495306E+000      2.0847236E-004
     -3.5264817E+000      2.0816645E-004
     -3.5034328E+000      2.0786742E-004
     -3.4803839E+000      2.0757509E-004
     -3.4573350E+000      2.0728931E-004
     -3.4342861E+000      2.0700992E-004
     -3.4112372E+000      2.0673675E-004
     -3.3881883E+000      2.0646967E-004
     -3.3651394E+000      2.0620852E-004
     -3.3420905E+000      2.0595316E-004
     -3.3190416E+000      2.0570345E-004
     -3.2959927E+000      2.0545926E-004
     -3.2729438E+000      2.0522046E-004
     -3.2498949E+000      2.0498691E-004
     -3.2268460E+000      2.0475850E-004
     -3.2037971E+000      2.0453511E-004
     -3.1807482E+000      2.0431661E-004
     -3.1576993E+000      2.0410289E-004
     -3.1346504E+000      2.0389384E-004
     -3.1116015E+000      2.0368935E-004
     -3.0885526E+000      2.0348932E-004
     -3.0655037E+000      2.0329364E-004
     -3.0424548E+000      2.0310221E-004
     -3.0194059E+000      2.0291494E-004
     -2.9963570E+000      2.0273173E-004
     -2.9733081E+000      2.0255248E-004
     -2.9502592E+000      2.0237711E-004
     -2.9272103E+000      2.0220552E-004
     -2.9041614E+000      2.0203764E-004
     -2.8811125E+000      2.0187338E-004
     -2.8580636E+000      2.0171265E-004
     -2.8350147E+000      2.0155538E-004
     -2.8119658E+000      2.0140148E-004
     -2.7889169E+000      2.0125089E-004
     -2.7658680E+000      2.0110353E-004
     -2.7428191E+000      2.0095933E-004
     -2.7197702E+000      2.0081821E-004
     -2.6967213E+000      2.0068011E-004
     -2.6736724E+000      2.0054496E-004
     -2.6506235E+000      2.0041270E-004
     -2.6275746E+000      2.0028325E-004
     -2.6045257E+000      2.0015657E-004
     -2.5814768E+000      2.0003259E-004
     -2.5584279E+000      1.9991124E-004
     -2.5353790E+000      1.9979248E-004
     -2.5123301E+000      1.9967625E-004
     -2.4892812E+000      1.9956248E-004
     -2.4662323E+000      1.9945113E-004
     -2.4431834E+000      1.9934215E-004
     -2.4201345E+000      1.9923547E-004
     -2.3970856E+000      1.9913106E-004
     -2.3740367E+000      1.9902886E-004
     -2.3509878E+000      1.9892883E-004
     -2.3279389E+000      1.9883092E-004
     -2.3048900E+000      1.9873508E-004
     -2.2818411E+000      1.9864127E-004
     -2.2587922E+000      1.9854945E-004
     -2.2357433E+000      1.9845957E-004
     -2.2126944E+000      1.9837159E-004
     -2.1896455E+000      1.9828547E-004
     -2.1665966E+000      1.9820117E-004
     -2.1435477E+000      1.9811866E-004
     -2.1204988E+000      1.9803789E-004
     -2.0974499E+000      1.9795883E-004
     -2.0744010E+000      1.9788145E-004
     -2.0513521E+000      1.9780570E-004
     -2.0283032E+000      1.9773155E-004
     -2.0052543E+000      1.9765898E-004
     -1.9822054E+000      1.9758794E-004
     -1.9591565E+000      1.9751841E-004
     -1.9361076E+000      1.9745034E-004
     -1.9130587E+000      1.9738373E-004
     -1.8900098E+000      1.9731852E-004
     -1.8669609E+000      1.9725470E-004
     -1.8439120E+000      1.9719224E-004
     -1.8208631E+000      1.9713110E-004
     -1.7978142E+000      1.9707127E-004
     -1.7747653E+000      1.9701271E-004
     -1.7517164E+000      1.9695540E-004
     -1.7286675E+000      1.9689931E-004
     -1.7056186E+000      1.9684442E-004
     -1.6825697E+000      1.9679071E-004
     -1.6595208E+000      1.9673815E-004
     -1.6364719E+000      1.9668672E-004
     -1.6134230E+000      1.9663639E-004
     -1.5903741E+000      1.9658715E-004
     -1.5673252E+000      1.9653898E-004
     -1.5442763E+000      1.9649184E-004
     -1.5212274E+000      1.9644573E-004
     -1.4981785E+000      1.9640063E-004
     -1.4751296E+000      1.9635651E-004
     -1.4520807E+000      1.9631335E-004
     -1.4290318E+000      1.9627114E-004
     -1.4059829E+000      1.9622986E-004
     -1.3829340E+000      1.9618950E-004
     -1.3598851E+000      1.9615003E-004
     -1.3368362E+000      1.9611144E-004
     -1.3137873E+000      1.9607371E-004
     -1.2907384E+000      1.9603684E-004
     -1.2676895E+000      1.9600079E-004
     -1.2446406E+000      1.9596557E-004
     -1.2215917E+000      1.9593115E-004
     -1.1985428E+000      1.9589752E-004
     -1.1754939E+000      1.9586467E-004
     -1.1524450E+000      1.9583259E-004
     -1.1293961E+000      1.9580125E-004
     -1.1063472E+000      1.9577066E-004
     -1.0832983E+000      1.9574080E-004
     -1.0602494E+000      1.9571165E-004
     -1.0372005E+000      1.9568321E-004
     -1.0141516E+000      1.9565546E-004
     -9.9110269E-001      1.9562839E-004
     -9.6805379E-001      1.9560200E-004
     -9.4500489E-001      1.9557628E-004
     -9.2195599E-001      1.9555120E-004
     -8.9890709E-001      1.9552677E-004
     -8.7585819E-001      1.9550298E-004
     -8.5280929E-001      1.9547981E-004
     -8.2976039E-001      1.9545726E-004
     -8.0671149E-001      1.9543531E-004
     -7.8366259E-001      1.9541397E-004
     -7.6061369E-001      1.9539321E-004
     -7.3756479E-001      1.9537304E-004
     -7.1451589E-001      1.9535344E-004
     -6.9146699E-001      1.9533441E-004
     -6.6841810E-001      1.9531594E-004
     -6.4536920E-001      1.9529801E-004
     -6.2232030E-001      1.9528063E-004
     -5.9927140E-001      1.9526378E-004
     -5.7622250E-001      1.9524746E-004
     -5.5317360E-001      1.9523165E-004
     -5.3012470E-001      1.9521636E-004
     -5.0707580E-001      1.9520156E-004
     -4.8402690E-001      1.9518726E-004
     -4.6097800E-001      1.9517344E-004
     -4.3792910E-001      1.9516009E-004
     -4.1488020E-001      1.9514721E-004
     -3.9183130E-001      1.9513479E-004
     -3.6878240E-001      1.9512281E-004
     -3.4573350E-001      1.9511127E-004
     -3.2268460E-001      1.9510017E-004
     -2.9963570E-001      1.9508948E-004
     -2.7658680E-001      1.9507920E-004
     -2.5353790E-001      1.9506932E-004
     -2.3048900E-001      1.9505983E-004
     -2.0744010E-001      1.9505072E-004
     -1.8439120E-001      1.9504199E-004
     -1.6134230E-001      1.9503361E-004
     -1.3829340E-001      1.9502558E-004
     -1.1524450E-001      1.9501789E-004
     -9.2195599E-002      1.9501053E-004
     -6.9146699E-002      1.9500348E-004
     -4.6097800E-002      1.9499675E-004
     -2.3048900E-002      1.9499031E-004
      3.9569042E-013      1.9498416E-004
